100
1 30
1 64
2 99
3 37
4 53
5 67
6 14
7 46
7 68
7 72
7 84
8 5
8 14
8 15
8 30
8 72
9 82
9 95
10 17
10 92
11 17
11 20
12 61
12 81
12 84
13 30
13 68
13 77
16 91
17 51
17 59
18 22
18 87
19 31
19 99
20 43
20 98
21 79
22 10
23 29
23 91
24 49
24 96
25 91
26 67
26 93
27 23
27 39
27 50
27 56
27 80
28 78
28 81
28 98
30 39
30 48
30 86
32 55
32 70
33 46
34 24
34 65
34 73
35 38
35 81
36 18
37 18
37 20
37 55
38 57
39 32
39 55
39 60
39 81
40 68
41 26
41 45
42 4
42 46
43 70
43 74
44 8
45 3
45 98
45 99
46 29
46 58
47 13
47 82
49 5
49 20
49 65
49 71
50 38
50 43
50 70
51 86
53 17
53 37
53 91
53 92
54 2
54 40
56 48
56 81
57 90
58 48
58 93
58 97
59 71
60 6
60 61
61 31
61 59
61 78
61 88
62 25
62 36
62 88
62 97
63 42
63 47
63 100
65 30
65 44
67 10
67 11
67 12
67 47
67 51
67 82
68 23
68 60
69 5
69 33
70 1
70 12
70 14
71 8
71 48
71 56
71 100
72 25
73 28
73 76
75 30
75 52
76 22
77 85
78 9
78 25
78 41
78 55
78 66
78 68
78 70
79 11
80 29
80 57
80 59
81 41
81 46
82 72
82 74
84 25
85 30
85 63
86 49
87 25
88 52
89 34
90 83
90 84
92 12
92 47
92 97
93 12
93 15
93 26
93 27
93 39
93 44
93 73
93 76
93 95
94 30
94 82
95 15
95 39
95 79
96 29
96 55
96 57
96 94
97 28
97 35
97 89
98 85
99 24
99 37
99 78
99 87
100 15
