1000
897 401 595 545 
928 629 
250 
89 
265 899 
736 883 343 
731 12 
178 242 
762 218 938 619 
195 
144 361 
466 927 
511 
674 686 726 646 
632 177 631 
102 
6 542 
728 127 
968 132 
177 850 150 
313 190 

674 154 

520 394 427 198 
360 103 
152 899 
242 412 338 685 
506 148 375 
80 805 902 


866 487 

834 247 108 375 
240 714 227 182 
715 
430 
250 939 
729 372 845 
802 572 
777 580 127 
603 
127 
200 330 365 
941 286 
816 122 
396 
822 
914 725 
844 
656 117 
338 


347 29 607 
132 589 604 
281 197 

520 659 38 
640 817 316 295 
675 382 
826 
755 87 
830 206 
226 628 357 
826 379 309 
461 126 

88 948 579 684 
138 
769 970 483 

546 235 591 
11 827 397 
985 459 924 829 

809 788 757 222 
457 
397 311 
257 356 495 991 125 447 
352 121 667 462 

91 94 998 
955 411 47 
456 90 
164 
975 
570 68 634 
488 
516 839 
496 619 
626 482 540 
130 
800 195 266 757 861 
684 972 125 559 
548 
717 
253 423 
544 
346 
687 
544 700 326 847 
531 
225 581 
358 
70 552 720 665 670 
632 955 


875 279 
8 280 851 742 
256 433 154 
256 
803 755 206 599 
705 19 
803 644 147 
521 218 
530 315 
274 829 637 
653 46 
400 551 
840 98 582 

474 219 826 

919 789 479 
892 775 
353 
312 146 77 
454 707 845 86 
984 674 

352 532 213 280 153 
497 213 278 511 
263 671 
705 323 221 
796 
212 454 766 551 
971 


650 854 
561 
40 
648 794 259 262 
562 507 356 543 
275 500 

960 353 579 488 266 
825 
874 347 21 

157 206 
104 756 55 
321 799 
977 477 702 831 
336 
674 709 456 969 715 75 81 
713 732 125 

182 719 
260 

100 
604 589 
317 
30 
628 254 
338 
686 
690 675 931 979 
529 
500 
634 


888 142 
359 


136 
879 


169 538 539 
539 
654 
145 
187 
221 
40 370 853 471 350 
205 54 
488 


954 387 820 874 
632 512 469 
720 185 154 
299 903 
464 759 
568 715 
178 939 668 318 
578 870 534 
34 
596 967 
424 535 
360 779 
2 757 
699 100 

552 541 285 
297 444 477 534 

634 
906 

580 965 983 
386 931 133 651 756 
444 461 670 
545 257 

829 
506 
121 243 813 
119 
516 
336 159 
779 
85 255 
700 109 

474 636 423 

57 258 
895 
161 836 300 
712 684 349 
766 
497 629 381 918 
247 
489 791 437 553 
740 

109 7 
587 654 50 950 187 
825 765 
257 23 
293 
917 254 

513 698 
152 907 
314 931 
132 965 
824 70 702 551 
833 
632 474 492 
761 698 213 
930 674 
145 500 95 

869 877 958 871 

313 892 287 
547 
755 23 
329 137 675 119 
743 
338 155 
194 233 402 470 760 218 
512 383 
360 252 863 
892 
932 671 
248 993 603 345 
213 147 125 933 
801 
677 821 782 343 
749 
110 535 
875 941 
639 

59 623 
554 899 
656 528 157 
658 227 559 
544 
199 
486 
12 
690 
806 
42 333 110 
88 
568 509 928 
794 987 
16 777 762 639 

569 298 611 
994 21 999 
995 332 
769 361 
780 406 494 
26 699 
26 79 
161 11 702 
706 140 
999 

393 340 94 
450 802 104 276 985 
562 571 
744 478 
290 868 
360 687 
167 
872 641 787 
390 164 901 814 
885 78 
128 476 972 

481 215 
245 959 
434 882 
696 402 346 
27 
37 650 75 237 
849 
651 381 279 
528 147 
703 
285 
200 
921 69 871 
600 404 182 
150 958 
248 
754 615 79 
945 
93 
569 550 
354 133 70 55 
832 617 459 709 
183 
640 947 940 278 
488 772 

484 716 304 688 703 
115 940 
550 789 574 439 
964 428 
897 917 
840 87 
747 492 268 467 215 
838 
599 
330 499 220 340 
240 816 212 623 
180 
418 
203 
169 

546 742 518 
721 425 
727 
32 681 611 
707 541 23 
992 99 946 267 
251 253 526 767 
153 579 243 
886 61 78 486 
583 
353 

458 746 14 241 348 
32 544 550 78 245 607 
810 
295 586 884 889 700 413 
187 77 
376 409 756 
675 933 623 815 726 
201 34 659 
426 772 
132 
371 539 
500 85 887 
16 473 341 
132 677 71 

898 771 196 18 377 
388 
328 336 
3 
190 
960 704 390 523 945 
42 666 
738 940 662 
104 426 266 592 242 979 
456 
261 



766 
40 880 
368 731 

156 669 
192 377 578 
996 70 
650 772 373 311 

987 708 381 463 
88 729 5 135 
750 
792 544 718 
600 
848 300 

864 524 383 
313 875 
307 476 
568 226 80 55 
216 34 14 
577 404 509 
460 631 94 604 

617 854 
394 282 955 
529 538 
205 318 639 

128 
888 972 
762 131 550 786 538 924 
161 266 609 319 

684 668 
880 289 989 
306 533 815 
655 607 
976 962 275 704 
224 611 965 296 332 589 312 
1000 337 892 
736 115 
978 732 949 526 
376 
160 560 539 916 
73 422 
89 
526 
842 292 

714 117 866 
216 596 
342 726 350 799 
16 516 421 
109 479 
695 
40 851 
936 256 14 791 

826 317 
90 155 
666 861 38 
739 854 723 
820 
160 42 
136 99 

53 
712 875 
866 733 
602 774 
24 906 378 983 
577 903 73 333 145 
961 940 
800 
997 486 722 758 24 830 
895 
577 318 231 
346 628 60 852 

977 
235 199 
401 
743 
777 154 169 261 
144 719 331 483 
267 332 931 
970 
297 413 
307 348 
989 
40 196 580 
427 517 

768 
68 
385 331 563 87 859 
920 902 

941 
862 
784 794 35 
774 
705 
368 523 375 
256 689 85 167 
197 
160 
33 122 362 
200 937 110 
657 
394 700 21 639 
643 399 
513 679 
572 559 
498 855 
872 335 
960 570 684 

605 
555 299 627 217 379 
831 
185 948 109 735 

650 951 
249 386 82 374 
221 935 
977 738 
194 310 
1000 503 
786 990 
543 
470 
770 886 375 

537 235 46 
755 7 
930 803 196 
963 987 
872 589 
538 934 
613 
785 655 
681 92 
864 401 
906 926 
248 848 995 

33 
738 373 413 766 
648 851 59 654 
148 173 
920 866 
324 
745 

514 901 46 

793 


361 
763 109 909 
363 
707 
229 


279 
26 164 148 783 
656 407 
239 62 991 
540 
72 323 549 143 
507 428 524 
8 812 879 
562 610 
401 
559 
942 
834 405 
681 987 
11 
764 
954 438 
460 
360 997 
845 855 
344 214 198 62 
349 910 
333 80 818 214 984 
355 6 
570 588 

402 
360 125 910 511 
693 
713 291 484 
442 411 
371 29 661 
803 918 
848 937 942 

139 206 
74 694 
668 335 783 

721 812 
231 46 47 19 596 885 
800 193 517 
411 
129 
195 997 742 539 222 
34 810 
102 
352 777 
457 
936 
394 950 791 
977 
819 
505 525 
541 
377 306 811 

402 70 
289 642 
609 767 
944 724 279 
725 669 

120 926 
336 572 

961 810 935 
153 491 
104 68 
706 511 
305 203 
912 

51 852 
326 
119 205 926 270 
509 223 
148 
66 427 911 
49 517 790 
461 186 557 

189 647 
640 557 463 
308 950 87 
996 
780 
601 
913 
185 
833 
144 993 876 
72 866 
983 
417 
34 356 581 934 583 219 
837 359 
673 628 524 94 
809 669 
521 
372 361 204 
56 569 778 
993 283 737 
577 771 404 651 
635 292 189 
416 5 273 213 570 
992 
325 

511 
698 491 654 23 
345 
377 

437 486 
128 711 
573 221 
817 742 
9 
226 547 908 978 115 406 
483 676 
296 
992 934 
806 
556 366 
758 

322 550 
981 626 637 670 
665 715 724 900 

185 157 105 
258 260 551 
195 852 
15 
20 437 182 

680 86 
929 882 670 
120 720 
541 
755 357 
480 818 469 
357 515 284 557 

480 
281 581 830 
908 348 
952 95 
311 
882 252 901 406 
441 
320 
43 444 165 
933 
184 529 
449 
512 91 382 
308 222 278 
778 
704 736 967 
843 196 564 
200 814 
449 36 

824 262 

418 986 767 
607 
423 
790 

939 174 887 
315 439 
848 734 
776 395 54 
987 621 351 
577 685 
368 393 288 15 
328 180 621 
771 75 
137 172 788 
520 618 132 
378 
819 732 683 
129 260 
666 
322 643 
585 634 292 
424 894 
682 
754 956 862 
171 510 
416 271 
984 824 
746 183 
449 897 204 869 
483 854 463 

805 924 101 
599 
3 420 533 399 
377 

34 110 
516 237 
144 297 859 
757 
91 636 238 

978 77 526 
984 748 359 687 
48 985 

484 390 
946 
306 
496 162 
683 
376 
857 357 621 
769 298 42 550 
538 346 877 
712 480 197 15 
550 974 415 
970 924 
737 868 62 

324 
7 
114 

520 365 
251 
909 
634 239 
516 
753 823 
136 937 685 
459 
248 548 637 
274 
645 495 720 308 991 
640 
44 

699 964 326 
500 341 
960 941 

484 293 972 300 631 570 

504 552 
23 
498 102 
162 
558 751 
478 
172 
504 940 
614 951 
817 427 
211 
808 592 492 136 
160 483 
712 
530 35 477 223 
160 387 169 713 535 183 
246 551 
604 556 
873 429 
390 668 102 
226 182 
423 
216 376 
756 118 903 
520 910 
748 525 951 
125 
612 772 808 680 316 

201 196 676 318 
25 900 
347 

461 
296 777 
290 133 342 
331 

432 892 
600 340 301 630 
697 

489 763 223 
637 
910 
230 
824 148 
370 387 

187 
896 505 
608 18 749 271 
459 597 398 
808 940 
88 649 6 16 
824 561 
137 
356 474 220 
851 548 
106 213 
402 
264 
8 320 358 
362 51 677 
82 742 919 

337 
150 
657 434 207 
579 725 606 
957 
846 526 
593 673 475 
901 158 
288 965 584 840 369 252 
464 793 898 989 

800 9 864 
309 
755 
28 
84 277 110 828 
828 479 
489 315 828 815 
862 
980 
756 
432 554 237 
290 964 519 551 976 859 
541 949 
682 109 
403 
956 783 860 
136 325 
572 381 
528 955 583 
199 588 398 208 950 
144 735 
461 
82 587 916 551 

990 
692 807 
808 828 157 
441 437 
928 629 70 
879 
197 

18 
972 
247 
781 942 
799 
808 
709 429 311 
731 
275 
843 68 
680 665 613 
171 332 

788 
798 471 
385 
272 17 79 
686 758 
480 121 852 
81 
827 
953 326 
178 290 22 87 
721 267 
913 
736 761 
874 
292 
956 
665 238 

163 275 284 109 
712 65 55 

726 118 631 
283 924 
342 886 
611 964 350 463 
420 
377 
325 927 

941 461 175 
290 781 159 
129 259 733 
352 507 76 
872 284 966 556 
250 

246 
706 155 668 
314 763 
905 490 511 
172 
208 130 
385 41 
824 897 367 
832 761 227 21 
40 825 408 
280 713 742 
387 

299 
140 796 
160 265 510 
