250
1 3 9
1 25 77
1 45 25
1 63 11
1 68 44
1 78 122
1 81 30
1 96 45
1 135 6
1 143 9
1 197 29
2 15 4
2 19 20
2 22 21
2 68 46
2 117 55
2 121 25
2 122 7
2 127 37
2 161 13
2 244 62
3 1 9
3 4 9
3 22 51
3 31 54
3 42 36
3 47 20
3 49 133
3 57 103
3 91 77
3 96 45
3 141 24
3 161 8
3 175 29
3 178 52
3 201 15
3 231 50
4 3 9
4 11 10
4 31 15
4 44 32
4 48 19
4 59 57
4 89 30
4 96 27
4 97 30
4 111 22
4 117 23
4 127 6
4 130 36
4 143 9
4 161 5
4 175 44
4 202 18
4 240 22
5 50 8
5 131 17
5 136 36
5 153 60
5 175 4
5 178 11
5 210 13
6 8 72
6 12 19
6 68 33
6 78 20
6 114 25
6 118 56
6 158 25
6 210 76
6 221 29
7 34 51
7 37 32
7 54 6
7 183 17
7 189 25
7 222 16
7 225 33
8 6 72
8 12 25
8 29 60
8 63 33
8 130 69
8 133 7
8 143 40
8 205 69
8 207 68
8 227 23
9 167 48
9 170 55
9 216 42
9 241 41
10 23 15
10 28 75
10 36 36
10 46 37
10 84 64
10 85 58
10 104 42
10 108 105
10 139 20
10 163 118
10 166 23
10 180 34
10 185 28
10 189 18
10 206 49
10 226 14
10 228 38
11 4 10
11 44 53
11 47 46
11 90 70
11 121 15
11 126 10
11 133 36
11 134 119
11 135 17
11 152 52
11 175 9
12 6 19
12 8 25
12 50 15
12 111 39
12 118 32
12 133 11
12 135 65
12 148 4
12 219 25
12 240 41
13 14 25
13 53 11
13 144 16
13 177 31
13 192 34
13 220 29
13 242 40
13 246 16
14 13 25
14 20 28
14 32 74
14 109 41
14 115 102
14 123 15
14 159 13
14 184 44
14 203 32
14 208 11
15 2 4
15 19 68
15 22 29
15 135 26
15 143 83
15 221 82
15 229 25
15 233 30
15 237 50
15 250 48
16 17 19
16 73 22
16 79 12
16 123 35
16 137 31
16 146 12
16 151 23
16 156 31
16 164 11
16 173 24
16 246 12
17 16 19
17 26 60
17 79 33
17 109 18
17 119 48
17 142 11
17 144 52
17 146 100
17 164 43
17 203 33
18 22 23
18 30 20
18 40 21
18 47 84
18 48 28
18 99 10
18 148 92
18 175 23
18 207 34
18 215 18
18 231 65
18 239 38
19 2 20
19 15 68
19 42 10
19 52 20
19 93 24
19 99 105
19 127 17
19 131 22
19 148 36
19 152 12
19 155 18
19 181 105
19 245 45
20 14 28
20 76 40
20 95 30
20 120 39
20 124 64
20 132 35
20 146 69
20 173 18
20 199 37
20 203 24
21 69 13
21 77 45
21 119 7
21 124 12
21 142 21
21 164 18
21 246 46
22 2 21
22 3 51
22 15 29
22 18 23
22 43 43
22 101 19
22 105 22
22 118 63
22 231 103
22 248 18
23 10 15
23 64 38
23 85 14
23 138 42
23 149 60
23 185 13
23 200 49
23 222 14
24 33 46
24 37 34
24 85 14
24 139 13
24 163 39
24 166 53
24 206 52
24 214 34
24 222 65
25 1 77
25 39 15
25 41 48
25 42 7
25 62 49
25 97 84
25 112 23
25 209 19
25 230 11
25 245 8
26 17 60
26 94 26
26 109 84
26 144 19
26 208 33
26 213 29
26 247 105
27 33 11
27 34 70
27 37 78
27 54 24
27 64 61
27 85 9
27 149 23
27 157 39
27 171 12
27 185 31
27 189 24
27 226 25
27 238 32
28 10 75
28 107 5
28 139 11
28 180 52
28 225 86
28 228 7
29 8 60
29 51 24
29 63 22
29 96 13
29 98 37
29 99 8
29 111 67
29 112 22
29 113 36
29 117 42
29 129 59
29 130 39
29 133 6
29 152 24
29 202 73
29 232 60
29 233 10
29 239 30
30 18 20
30 40 18
30 41 38
30 52 23
30 55 39
30 66 24
30 86 36
30 90 7
30 93 12
30 101 48
30 103 34
30 117 39
30 152 57
30 158 15
30 212 40
30 221 53
30 240 26
30 249 30
31 3 54
31 4 15
31 50 56
31 55 16
31 86 31
31 89 32
31 93 35
31 131 36
31 133 37
31 154 86
31 169 64
31 207 76
31 245 7
32 14 74
32 69 24
32 73 60
32 100 44
32 164 97
32 179 40
32 196 35
32 236 33
33 24 46
33 27 11
33 88 37
33 92 15
33 162 25
33 186 25
33 206 14
34 7 51
34 27 70
34 84 73
34 110 58
34 139 19
34 160 75
34 162 32
34 163 25
34 187 14
34 218 27
34 224 17
34 228 11
35 55 30
35 57 60
35 61 63
35 62 54
35 65 57
35 78 25
35 91 18
35 96 19
35 98 34
35 111 70
35 129 12
35 161 27
35 227 8
35 229 23
35 232 27
36 10 36
36 37 16
36 88 16
36 104 14
36 139 31
36 160 7
36 166 46
36 235 22
37 7 32
37 24 34
37 27 78
37 36 16
37 54 12
37 80 20
37 83 27
37 88 48
37 160 84
37 180 19
37 198 42
37 214 61
38 170 11
38 216 16
38 241 45
39 25 15
39 66 22
39 81 54
39 91 54
39 98 33
39 111 45
39 126 8
39 181 38
39 197 165
39 209 22
39 210 10
39 248 26
39 250 18
40 18 21
40 30 18
40 42 35
40 52 54
40 65 24
40 126 19
40 140 48
40 141 58
40 154 53
40 158 43
40 161 18
41 25 48
41 30 38
41 75 51
41 97 32
41 125 87
41 148 90
41 169 41
41 215 37
41 243 47
41 244 43
41 248 19
42 3 36
42 19 10
42 25 7
42 40 35
42 51 15
42 61 64
42 67 12
42 125 4
42 140 11
42 161 17
42 175 22
42 223 88
42 244 8
43 22 43
43 58 5
43 66 65
43 99 30
43 112 53
43 125 18
43 126 59
43 134 24
43 143 43
43 158 29
43 175 54
43 181 7
44 4 32
44 11 53
44 45 51
44 57 39
44 59 50
44 62 23
44 81 22
44 118 84
44 165 38
44 201 17
44 202 42
44 217 11
45 1 25
45 44 51
45 55 83
45 57 12
45 65 17
45 90 48
45 117 9
45 134 40
45 135 11
45 201 60
45 237 23
45 239 17
45 249 20
46 10 37
46 82 22
46 107 31
46 110 22
46 187 51
46 206 12
46 218 57
46 235 34
47 3 20
47 11 46
47 18 84
47 50 48
47 66 24
47 68 4
47 78 15
47 101 18
47 113 15
47 135 23
47 174 20
47 175 43
47 176 57
47 244 20
48 4 19
48 18 28
48 55 7
48 63 80
48 65 27
48 67 58
48 130 11
48 131 65
48 134 36
48 141 30
48 154 30
48 174 65
48 201 19
48 233 4
48 237 12
49 3 133
49 55 12
49 103 40
49 105 37
49 114 3
49 127 18
49 133 74
49 168 38
49 174 44
49 202 41
49 212 74
49 219 11
49 230 31
50 5 8
50 12 15
50 31 56
50 47 48
50 99 24
50 101 115
50 111 14
50 112 4
50 136 12
50 188 22
51 29 24
51 42 15
51 58 93
51 136 13
51 148 61
51 250 47
52 19 20
52 30 23
52 40 54
52 114 8
52 125 67
52 181 15
52 193 22
52 201 16
52 227 16
53 13 11
53 69 29
53 73 41
53 109 51
53 119 61
53 128 46
53 145 63
53 159 18
53 190 22
54 7 6
54 27 24
54 37 12
54 107 35
54 110 49
54 149 51
54 191 14
54 224 43
54 228 53
54 235 14
55 30 39
55 31 16
55 35 30
55 45 83
55 48 7
55 49 12
55 59 10
55 81 57
55 96 72
55 98 51
55 103 26
55 113 124
55 130 18
55 136 139
55 176 51
55 178 8
55 232 38
55 239 26
56 80 125
56 157 23
56 206 23
56 226 22
57 3 103
57 35 60
57 44 39
57 45 12
57 98 15
57 129 19
57 130 23
57 134 47
57 202 69
57 212 63
57 231 22
57 245 67
58 43 5
58 51 93
58 62 36
58 78 52
58 89 145
58 122 24
58 125 43
58 140 36
58 148 27
58 154 104
58 165 59
58 249 19
58 250 39
59 4 57
59 44 50
59 55 10
59 86 86
59 91 5
59 154 6
59 221 52
59 232 37
60 77 15
60 109 55
60 123 24
60 124 69
60 144 66
60 146 3
60 156 27
60 172 15
60 184 47
60 192 11
60 199 25
60 220 28
61 35 63
61 42 64
61 86 7
61 105 11
61 134 87
61 223 10
61 232 24
62 25 49
62 35 54
62 44 23
62 58 36
62 65 81
62 67 14
62 105 4
62 193 81
62 231 61
62 233 94
62 239 10
63 1 11
63 8 33
63 29 22
63 48 80
63 74 48
63 93 24
63 125 24
63 131 30
63 140 44
64 23 38
64 27 61
64 82 16
64 160 45
64 180 12
64 198 61
64 225 17
65 35 57
65 40 24
65 45 17
65 48 27
65 62 81
65 68 35
65 105 54
65 127 34
65 130 29
65 178 41
65 204 39
65 239 33
65 250 83
66 30 24
66 39 22
66 43 65
66 47 24
66 86 20
66 90 15
66 111 24
66 136 13
66 174 15
66 197 43
66 207 42
66 227 65
67 42 12
67 48 58
67 62 14
67 78 31
67 93 65
67 105 41
67 130 54
67 155 14
67 178 50
67 202 32
67 205 137
68 1 44
68 2 46
68 6 33
68 47 4
68 65 35
68 81 98
68 86 11
68 112 59
68 152 32
68 155 44
68 193 14
68 209 14
68 212 42
68 215 55
68 223 9
68 244 57
68 248 18
69 21 13
69 32 24
69 53 29
69 94 15
69 106 43
69 128 18
69 150 59
69 151 69
69 172 59
69 213 25
69 236 9
69 246 86
70 72 12
70 100 41
70 109 51
70 124 35
70 144 87
70 172 14
70 195 7
70 211 65
70 213 78
71 167 46
71 170 4
71 216 42
72 70 12
72 79 17
72 115 22
72 119 12
72 123 22
72 172 47
72 182 35
72 190 9
72 196 22
72 213 21
72 220 42
72 236 21
72 246 19
72 247 29
73 16 22
73 32 60
73 53 41
73 102 13
73 106 59
73 123 78
73 184 15
73 208 9
74 63 48
74 93 81
74 105 42
74 111 15
74 112 83
74 141 62
74 152 34
74 207 22
74 215 6
74 231 71
74 232 111
75 41 51
75 96 73
75 114 85
75 122 83
75 143 21
75 201 46
75 209 48
75 212 23
75 221 13
75 240 24
76 20 40
76 109 44
76 115 78
76 132 74
76 142 14
76 147 55
76 177 25
76 195 43
77 21 45
77 60 15
77 109 22
77 120 28
77 173 73
77 190 45
77 192 37
77 213 44
78 1 122
78 6 20
78 35 25
78 47 15
78 58 52
78 67 31
78 103 53
78 112 5
78 133 93
78 169 39
78 188 51
78 204 27
78 219 34
78 231 56
78 240 60
78 245 63
78 249 8
79 16 12
79 17 33
79 72 17
79 94 45
79 142 54
79 151 39
79 194 44
79 196 13
79 247 29
80 37 20
80 56 125
80 107 36
80 138 23
80 162 6
80 163 32
80 186 28
80 200 7
80 225 59
80 235 34
80 238 62
81 1 30
81 39 54
81 44 22
81 55 57
81 68 98
81 113 28
81 114 38
81 129 19
81 154 61
81 165 52
81 174 15
81 231 33
81 240 55
82 46 22
82 64 16
82 88 10
82 157 55
82 162 14
82 185 53
82 187 75
82 228 40
82 235 7
83 37 27
83 85 91
83 104 34
83 108 46
83 139 42
83 183 98
83 218 98
84 10 64
84 34 73
84 88 9
84 171 18
84 218 9
84 224 16
84 234 26
85 10 58
85 23 14
85 24 14
85 27 9
85 83 91
85 139 81
85 206 4
85 214 35
86 30 36
86 31 31
86 59 86
86 61 7
86 66 20
86 68 11
86 126 72
86 153 72
86 165 10
86 227 37
86 239 38
87 100 13
87 102 30
87 123 5
87 147 41
87 159 97
87 182 67
87 192 58
87 199 51
87 247 20
88 33 37
88 36 16
88 37 48
88 82 10
88 84 9
88 104 81
88 107 28
88 157 44
88 183 21
88 185 50
88 191 86
88 206 14
88 235 37
89 4 30
89 31 32
89 58 145
89 98 31
89 118 25
89 176 88
89 207 38
89 233 7
89 245 7
89 250 47
90 11 70
90 30 7
90 45 48
90 66 15
90 143 27
90 193 10
90 219 49
90 221 43
91 3 77
91 35 18
91 39 54
91 59 5
91 98 75
91 99 19
91 111 9
91 202 28
91 210 31
91 212 41
91 232 13
91 244 15
92 33 15
92 107 20
92 180 40
92 183 95
92 191 35
92 198 10
92 225 51
92 226 28
93 19 24
93 30 12
93 31 35
93 63 24
93 67 65
93 74 81
93 96 49
93 98 49
93 207 72
93 231 13
93 249 14
94 26 26
94 69 15
94 79 45
94 120 11
94 145 36
94 194 27
94 246 42
95 20 30
95 124 79
95 137 78
95 156 87
95 159 61
95 172 36
95 203 9
95 242 30
95 246 65
96 1 45
96 3 45
96 4 27
96 29 13
96 35 19
96 55 72
96 75 73
96 93 49
96 125 19
96 134 35
96 230 29
96 250 2
97 4 30
97 25 84
97 41 32
97 112 26
97 113 26
97 197 19
97 207 42
97 219 26
97 250 99
98 29 37
98 35 34
98 39 33
98 55 51
98 57 15
98 89 31
98 91 75
98 93 49
99 18 10
99 19 105
99 29 8
99 43 30
99 50 24
99 91 19
99 140 24
99 169 69
99 197 26
99 212 109
99 221 52
99 229 157
99 250 33
100 32 44
100 70 41
100 87 13
100 116 12
100 124 46
100 145 92
100 182 48
101 22 19
101 30 48
101 47 18
101 50 115
101 131 31
101 161 32
101 221 30
101 223 28
101 230 28
101 240 7
102 73 13
102 87 30
102 106 30
102 132 17
102 142 13
102 145 43
102 156 13
103 30 34
103 49 40
103 55 26
103 78 53
103 127 36
103 175 35
103 176 28
103 188 29
103 201 20
103 210 31
103 223 28
103 240 33
104 10 42
104 36 14
104 83 34
104 88 81
104 108 78
104 186 26
104 189 42
104 198 16
104 234 49
104 235 18
105 22 22
105 49 37
105 61 11
105 62 4
105 65 54
105 67 41
105 74 42
105 118 10
105 122 14
105 134 15
105 154 10
105 155 46
105 175 40
105 205 73
105 207 19
105 227 4
106 69 43
106 73 59
106 102 30
106 144 95
106 145 33
106 147 26
106 184 77
106 195 41
106 196 58
106 211 11
106 213 15
106 247 12
107 28 5
107 46 31
107 54 35
107 80 36
107 88 28
107 92 20
107 198 47
107 200 94
108 10 105
108 83 46
108 104 78
108 139 28
108 149 92
108 218 54
109 14 41
109 17 18
109 26 84
109 53 51
109 60 55
109 70 51
109 76 44
109 77 22
109 115 14
109 147 25
109 151 100
109 159 30
109 203 16
110 34 58
110 46 22
110 54 49
110 171 56
110 180 154
110 186 68
110 187 25
110 214 12
110 234 56
111 4 22
111 12 39
111 29 67
111 35 70
111 39 45
111 50 14
111 66 24
111 74 15
111 91 9
111 118 17
111 125 32
111 126 67
111 154 24
111 165 59
111 174 29
111 176 2
111 243 71
112 25 23
112 29 22
112 43 53
112 50 4
112 68 59
112 74 83
112 78 5
112 97 26
112 114 18
112 127 24
112 207 15
112 215 19
112 231 28
112 249 17
112 250 76
113 29 36
113 47 15
113 55 124
113 81 28
113 97 26
113 117 49
113 204 18
113 205 101
113 207 34
113 215 29
113 230 50
114 6 25
114 49 3
114 52 8
114 75 85
114 81 38
114 112 18
114 122 8
114 133 13
114 153 62
114 165 13
114 210 22
114 219 64
114 232 28
114 244 28
114 249 40
115 14 102
115 72 22
115 76 78
115 109 14
115 142 88
115 146 4
115 190 25
115 195 21
115 211 29
116 100 12
116 132 27
116 142 24
116 151 28
116 172 33
116 190 22
116 247 31
117 2 55
117 4 23
117 29 42
117 30 39
117 45 9
117 113 49
117 133 36
117 136 12
117 153 23
117 193 16
118 6 56
118 12 32
118 22 63
118 44 84
118 89 25
118 105 10
118 111 17
118 125 77
118 136 50
118 174 26
118 221 20
119 17 48
119 21 7
119 53 61
119 72 12
119 124 17
119 144 20
119 145 80
119 151 77
119 242 41
120 20 39
120 77 28
120 94 11
120 144 60
120 151 93
120 164 8
120 190 14
120 195 53
120 203 32
120 220 11
121 2 25
121 11 15
121 127 57
121 129 12
121 148 8
121 176 61
121 201 26
122 2 7
122 58 24
122 75 83
122 105 14
122 114 8
122 143 44
122 165 12
122 168 87
122 193 39
122 197 45
122 245 9
122 248 22
123 14 15
123 16 35
123 60 24
123 72 22
123 73 78
123 87 5
123 128 52
123 145 21
123 184 15
123 192 22
123 195 43
123 196 5
123 213 30
123 246 18
124 20 64
124 21 12
124 60 69
124 70 35
124 95 79
124 100 46
124 119 17
124 164 63
124 196 63
124 203 92
124 246 27
124 247 16
125 41 87
125 42 4
125 43 18
125 52 67
125 58 43
125 63 24
125 96 19
125 111 32
125 118 77
125 127 16
125 135 56
125 188 25
125 201 4
125 240 9
125 245 35
125 250 25
126 11 10
126 39 8
126 40 19
126 43 59
126 86 72
126 111 67
126 152 20
126 181 17
126 188 36
126 205 46
126 227 48
126 240 15
126 243 101
126 244 14
127 2 37
127 4 6
127 19 17
127 49 18
127 65 34
127 103 36
127 112 24
127 121 57
127 125 16
127 158 35
127 181 18
127 201 50
127 227 24
128 53 46
128 69 18
128 123 52
128 182 41
128 194 7
128 199 58
128 211 17
128 213 17
129 29 59
129 35 12
129 57 19
129 81 19
129 121 12
129 133 21
129 136 20
129 168 74
129 204 27
130 4 36
130 8 69
130 29 39
130 48 11
130 55 18
130 57 23
130 65 29
130 67 54
130 131 9
130 135 35
130 175 9
130 176 7
130 188 32
131 5 17
131 19 22
131 31 36
131 48 65
131 63 30
131 101 31
131 130 9
131 133 58
131 197 50
132 20 35
132 76 74
132 102 17
132 116 27
132 172 37
132 196 85
132 203 18
132 208 51
132 213 47
133 8 7
133 11 36
133 12 11
133 29 6
133 31 37
133 49 74
133 78 93
133 114 13
133 117 36
133 129 21
133 131 58
133 217 57
133 245 42
134 11 119
134 43 24
134 45 40
134 48 36
134 57 47
134 61 87
134 96 35
134 105 15
134 135 26
134 155 12
134 165 33
134 174 15
134 176 10
134 201 52
134 210 20
134 212 46
134 227 15
134 244 29
135 1 6
135 11 17
135 12 65
135 15 26
135 45 11
135 47 23
135 125 56
135 130 35
135 134 26
135 168 20
135 204 22
135 205 68
136 5 36
136 50 12
136 51 13
136 55 139
136 66 13
136 117 12
136 118 50
136 129 20
136 143 42
136 155 30
136 175 23
136 181 16
136 202 52
136 219 57
136 232 19
136 249 61
136 250 95
137 16 31
137 95 78
137 156 24
138 23 42
138 80 23
138 139 61
138 162 15
138 200 71
139 10 20
139 24 13
139 28 11
139 34 19
139 36 31
139 83 42
139 85 81
139 108 28
139 138 61
139 149 13
139 157 44
139 160 53
139 166 14
139 171 40
139 189 25
139 218 2
140 40 48
140 42 11
140 58 36
140 63 44
140 99 24
140 161 48
140 181 21
140 202 27
140 217 73
140 233 19
141 3 24
141 40 58
141 48 30
141 74 62
141 143 16
141 148 25
141 168 27
141 209 27
142 17 11
142 21 21
142 76 14
142 79 54
142 102 13
142 115 88
142 116 24
142 144 59
142 182 12
142 195 16
142 203 16
143 1 9
143 4 9
143 8 40
143 15 83
143 43 43
143 75 21
143 90 27
143 122 44
143 136 42
143 141 16
143 154 42
143 161 64
143 240 23
144 13 16
144 17 52
144 26 19
144 60 66
144 70 87
144 106 95
144 119 20
144 120 60
144 142 59
144 150 50
144 172 20
144 195 29
144 203 25
144 208 47
145 53 63
145 94 36
145 100 92
145 102 43
145 106 33
145 119 80
145 123 21
145 151 21
145 190 21
145 208 24
145 213 34
146 16 12
146 17 100
146 20 69
146 60 3
146 115 4
146 179 53
146 203 12
146 236 30
147 76 55
147 87 41
147 106 26
147 109 25
147 177 107
147 211 24
147 242 21
147 246 19
147 247 15
148 12 4
148 18 92
148 19 36
148 41 90
148 51 61
148 58 27
148 121 8
148 141 25
148 158 51
148 209 51
148 215 16
148 227 26
148 249 51
149 23 60
149 27 23
149 54 51
149 108 92
149 139 13
149 162 30
149 163 24
149 166 50
149 200 51
149 225 62
149 226 24
150 69 59
150 144 50
150 173 34
150 177 36
150 190 14
151 16 23
151 69 69
151 79 39
151 109 100
151 116 28
151 119 77
151 120 93
151 145 21
151 179 14
151 195 47
151 203 42
151 211 13
152 11 52
152 19 12
152 29 24
152 30 57
152 68 32
152 74 34
152 126 20
152 161 46
152 174 41
152 239 62
152 244 44
153 5 60
153 86 72
153 114 62
153 117 23
153 155 52
153 202 39
153 204 57
154 31 86
154 40 53
154 48 30
154 58 104
154 59 6
154 81 61
154 105 10
154 111 24
154 143 42
154 178 38
154 215 22
155 19 18
155 67 14
155 68 44
155 105 46
155 134 12
155 136 30
155 153 52
155 193 21
155 197 11
155 204 2
155 215 33
155 232 88
156 16 31
156 60 27
156 95 87
156 102 13
156 137 24
156 177 45
156 203 18
156 220 40
157 27 39
157 56 23
157 82 55
157 88 44
157 139 44
157 171 20
157 185 41
157 187 114
157 218 40
157 238 28
158 6 25
158 30 15
158 40 43
158 43 29
158 127 35
158 148 51
158 161 21
158 165 43
158 207 7
158 221 29
158 223 70
159 14 13
159 53 18
159 87 97
159 95 61
159 109 30
159 194 17
159 208 69
159 220 53
160 34 75
160 36 7
160 37 84
160 64 45
160 139 53
160 163 20
160 171 27
160 187 89
160 189 21
160 206 65
160 238 16
161 2 13
161 3 8
161 4 5
161 35 27
161 40 18
161 42 17
161 101 32
161 140 48
161 143 64
161 152 46
161 158 21
161 175 40
161 207 49
161 231 57
161 240 76
161 245 33
161 248 32
162 33 25
162 34 32
162 80 6
162 82 14
162 138 15
162 149 30
162 206 27
162 214 32
163 10 118
163 24 39
163 34 25
163 80 32
163 149 24
163 160 20
163 166 50
163 191 14
164 16 11
164 17 43
164 21 18
164 32 97
164 120 8
164 124 63
164 173 15
164 182 33
164 194 9
164 195 68
164 199 16
164 247 42
165 44 38
165 58 59
165 81 52
165 86 10
165 111 59
165 114 13
165 122 12
165 134 33
165 158 43
165 209 28
165 249 26
166 10 23
166 24 53
166 36 46
166 139 14
166 149 50
166 163 50
166 185 71
166 198 39
166 214 15
166 218 40
166 238 40
167 9 48
167 71 46
167 216 37
167 241 4
168 49 38
168 122 87
168 129 74
168 135 20
168 141 27
168 178 6
168 201 9
168 207 46
168 217 19
168 233 16
168 237 46
169 31 64
169 41 41
169 78 39
169 99 69
169 176 16
169 197 10
169 209 23
169 230 28
170 9 55
170 38 11
170 71 4
170 216 36
170 241 111
171 27 12
171 84 18
171 110 56
171 139 40
171 157 20
171 160 27
171 189 19
171 224 6
172 60 15
172 69 59
172 70 14
172 72 47
172 95 36
172 116 33
172 132 37
172 144 20
172 194 22
172 199 36
172 208 39
172 220 23
172 247 37
173 16 24
173 20 18
173 77 73
173 150 34
173 164 15
173 182 12
174 47 20
174 48 65
174 49 44
174 66 15
174 81 15
174 111 29
174 118 26
174 134 15
174 152 41
174 175 43
174 209 35
174 215 19
174 219 4
174 230 11
174 237 7
174 239 13
175 3 29
175 4 44
175 5 4
175 11 9
175 18 23
175 42 22
175 43 54
175 47 43
175 103 35
175 105 40
175 130 9
175 136 23
175 161 40
175 174 43
175 181 27
175 205 81
176 47 57
176 55 51
176 89 88
176 103 28
176 111 2
176 121 61
176 130 7
176 134 10
176 169 16
176 188 24
176 221 71
176 250 51
177 13 31
177 76 25
177 147 107
177 150 36
177 156 45
177 211 7
177 246 30
178 3 52
178 5 11
178 55 8
178 65 41
178 67 50
178 154 38
178 168 6
178 232 92
178 237 44
179 32 40
179 146 53
179 151 14
179 184 71
179 203 32
179 211 15
180 10 34
180 28 52
180 37 19
180 64 12
180 92 40
180 110 154
180 189 39
180 224 28
181 19 105
181 39 38
181 43 7
181 52 15
181 126 17
181 127 18
181 136 16
181 140 21
181 175 27
181 217 24
181 233 11
182 72 35
182 87 67
182 100 48
182 128 41
182 142 12
182 164 33
182 173 12
182 184 25
183 7 17
183 83 98
183 88 21
183 92 95
183 200 7
183 218 15
184 14 44
184 60 47
184 73 15
184 106 77
184 123 15
184 179 71
184 182 25
184 192 34
184 194 30
184 203 10
184 236 36
184 247 22
185 10 28
185 23 13
185 27 31
185 82 53
185 88 50
185 157 41
185 166 71
185 224 74
185 228 16
186 33 25
186 80 28
186 104 26
186 110 68
186 225 18
186 228 21
186 235 17
187 34 14
187 46 51
187 82 75
187 110 25
187 157 114
187 160 89
187 191 36
187 224 6
187 225 9
188 50 22
188 78 51
188 103 29
188 125 25
188 126 36
188 130 32
188 176 24
188 193 11
188 212 45
188 237 9
189 7 25
189 10 18
189 27 24
189 104 42
189 139 25
189 160 21
189 171 19
189 180 39
189 191 58
189 200 54
189 234 17
189 238 49
190 53 22
190 72 9
190 77 45
190 115 25
190 116 22
190 120 14
190 145 21
190 150 14
190 192 67
190 242 39
190 246 18
191 54 14
191 88 86
191 92 35
191 163 14
191 187 36
191 189 58
192 13 34
192 60 11
192 77 37
192 87 58
192 123 22
192 184 34
192 190 67
192 242 7
192 247 13
193 52 22
193 62 81
193 68 14
193 90 10
193 117 16
193 122 39
193 155 21
193 188 11
193 197 25
193 207 24
193 221 21
193 231 62
194 79 44
194 94 27
194 128 7
194 159 17
194 164 9
194 172 22
194 184 30
194 196 12
195 70 7
195 76 43
195 106 41
195 115 21
195 120 53
195 123 43
195 142 16
195 144 29
195 151 47
195 164 68
195 199 8
195 208 55
195 213 13
195 247 52
196 32 35
196 72 22
196 79 13
196 106 58
196 123 5
196 124 63
196 132 85
196 194 12
196 242 36
197 1 29
197 39 165
197 66 43
197 97 19
197 99 26
197 122 45
197 131 50
197 155 11
197 169 10
197 193 25
197 219 21
197 221 36
197 243 33
198 37 42
198 64 61
198 92 10
198 104 16
198 107 47
198 166 39
198 200 105
198 218 24
198 222 49
198 234 56
198 235 41
199 20 37
199 60 25
199 87 51
199 128 58
199 164 16
199 172 36
199 195 8
199 208 41
199 236 36
199 247 36
200 23 49
200 80 7
200 107 94
200 138 71
200 149 51
200 183 7
200 189 54
200 198 105
201 3 15
201 44 17
201 45 60
201 48 19
201 52 16
201 75 46
201 103 20
201 121 26
201 125 4
201 127 50
201 134 52
201 168 9
201 207 24
201 215 77
201 232 56
201 237 26
201 239 18
201 240 12
202 4 18
202 29 73
202 44 42
202 49 41
202 57 69
202 67 32
202 91 28
202 136 52
202 140 27
202 153 39
202 227 146
202 245 15
203 14 32
203 17 33
203 20 24
203 95 9
203 109 16
203 120 32
203 124 92
203 132 18
203 142 16
203 144 25
203 146 12
203 151 42
203 156 18
203 179 32
203 184 10
203 236 60
204 65 39
204 78 27
204 113 18
204 129 27
204 135 22
204 153 57
204 155 2
204 223 10
205 8 69
205 67 137
205 105 73
205 113 101
205 126 46
205 135 68
205 175 81
206 10 49
206 24 52
206 33 14
206 46 12
206 56 23
206 85 4
206 88 14
206 160 65
206 162 27
206 218 49
206 222 37
206 224 48
206 234 73
207 8 68
207 18 34
207 31 76
207 66 42
207 74 22
207 89 38
207 93 72
207 97 42
207 105 19
207 112 15
207 113 34
207 158 7
207 161 49
207 168 46
207 193 24
207 201 24
207 244 70
207 248 21
208 14 11
208 26 33
208 73 9
208 132 51
208 144 47
208 145 24
208 159 69
208 172 39
208 195 55
208 199 41
209 25 19
209 39 22
209 68 14
209 75 48
209 141 27
209 148 51
209 165 28
209 169 23
209 174 35
209 210 56
209 219 38
209 230 9
209 237 40
209 244 20
210 5 13
210 6 76
210 39 10
210 91 31
210 103 31
210 114 22
210 134 20
210 209 56
210 219 90
210 227 34
211 70 65
211 106 11
211 115 29
211 128 17
211 147 24
211 151 13
211 177 7
211 179 15
211 220 12
212 30 40
212 49 74
212 57 63
212 68 42
212 75 23
212 91 41
212 99 109
212 134 46
212 188 45
212 229 7
212 250 20
213 26 29
213 69 25
213 70 78
213 72 21
213 77 44
213 106 15
213 123 30
213 128 17
213 132 47
213 145 34
213 195 13
213 242 24
214 24 34
214 37 61
214 85 35
214 110 12
214 162 32
214 166 15
215 18 18
215 41 37
215 68 55
215 74 6
215 112 19
215 113 29
215 148 16
215 154 22
215 155 33
215 174 19
215 201 77
216 9 42
216 38 16
216 71 42
216 167 37
216 170 36
216 241 68
217 44 11
217 133 57
217 140 73
217 168 19
217 181 24
217 232 16
217 250 27
218 34 27
218 46 57
218 83 98
218 84 9
218 108 54
218 139 2
218 157 40
218 166 40
218 183 15
218 198 24
218 206 49
218 224 84
218 226 18
219 12 25
219 49 11
219 78 34
219 90 49
219 97 26
219 114 64
219 136 57
219 174 4
219 197 21
219 209 38
219 210 90
219 237 130
219 249 37
220 13 29
220 60 28
220 72 42
220 120 11
220 156 40
220 159 53
220 172 23
220 211 12
221 6 29
221 15 82
221 30 53
221 59 52
221 75 13
221 90 43
221 99 52
221 101 30
221 118 20
221 158 29
221 176 71
221 193 21
221 197 36
221 250 25
222 7 16
222 23 14
222 24 65
222 198 49
222 206 37
222 224 21
222 226 32
223 42 88
223 61 10
223 68 9
223 101 28
223 103 28
223 158 70
223 204 10
223 245 32
223 248 11
224 34 17
224 54 43
224 84 16
224 171 6
224 180 28
224 185 74
224 187 6
224 206 48
224 218 84
224 222 21
224 234 20
225 7 33
225 28 86
225 64 17
225 80 59
225 92 51
225 149 62
225 186 18
225 187 9
225 228 41
225 235 82
226 10 14
226 27 25
226 56 22
226 92 28
226 149 24
226 218 18
226 222 32
226 234 60
227 8 23
227 35 8
227 52 16
227 66 65
227 86 37
227 105 4
227 126 48
227 127 24
227 134 15
227 148 26
227 202 146
227 210 34
228 10 38
228 28 7
228 34 11
228 54 53
228 82 40
228 185 16
228 186 21
228 225 41
228 234 70
229 15 25
229 35 23
229 99 157
229 212 7
229 231 39
229 243 32
230 25 11
230 49 31
230 96 29
230 101 28
230 113 50
230 169 28
230 174 11
230 209 9
231 3 50
231 18 65
231 22 103
231 57 22
231 62 61
231 74 71
231 78 56
231 81 33
231 93 13
231 112 28
231 161 57
231 193 62
231 229 39
231 232 30
231 240 61
231 249 14
232 29 60
232 35 27
232 55 38
232 59 37
232 61 24
232 74 111
232 91 13
232 114 28
232 136 19
232 155 88
232 178 92
232 201 56
232 217 16
232 231 30
233 15 30
233 29 10
233 48 4
233 62 94
233 89 7
233 140 19
233 168 16
233 181 11
234 84 26
234 104 49
234 110 56
234 189 17
234 198 56
234 206 73
234 224 20
234 226 60
234 228 70
234 238 15
235 36 22
235 46 34
235 54 14
235 80 34
235 82 7
235 88 37
235 104 18
235 186 17
235 198 41
235 225 82
236 32 33
236 69 9
236 72 21
236 146 30
236 184 36
236 199 36
236 203 60
236 246 25
237 15 50
237 45 23
237 48 12
237 168 46
237 174 7
237 178 44
237 188 9
237 201 26
237 209 40
237 219 130
238 27 32
238 80 62
238 157 28
238 160 16
238 166 40
238 189 49
238 234 15
239 18 38
239 29 30
239 45 17
239 55 26
239 62 10
239 65 33
239 86 38
239 152 62
239 174 13
239 201 18
239 249 114
240 4 22
240 12 41
240 30 26
240 75 24
240 78 60
240 81 55
240 101 7
240 103 33
240 125 9
240 126 15
240 143 23
240 161 76
240 201 12
240 231 61
241 9 41
241 38 45
241 167 4
241 170 111
241 216 68
242 13 40
242 95 30
242 119 41
242 147 21
242 190 39
242 192 7
242 196 36
242 213 24
243 41 47
243 111 71
243 126 101
243 197 33
243 229 32
243 244 40
244 2 62
244 41 43
244 42 8
244 47 20
244 68 57
244 91 15
244 114 28
244 126 14
244 134 29
244 152 44
244 207 70
244 209 20
244 243 40
245 19 45
245 25 8
245 31 7
245 57 67
245 78 63
245 89 7
245 122 9
245 125 35
245 133 42
245 161 33
245 202 15
245 223 32
245 248 37
246 13 16
246 16 12
246 21 46
246 69 86
246 72 19
246 94 42
246 95 65
246 123 18
246 124 27
246 147 19
246 177 30
246 190 18
246 236 25
247 26 105
247 72 29
247 79 29
247 87 20
247 106 12
247 116 31
247 124 16
247 147 15
247 164 42
247 172 37
247 184 22
247 192 13
247 195 52
247 199 36
248 22 18
248 39 26
248 41 19
248 68 18
248 122 22
248 161 32
248 207 21
248 223 11
248 245 37
249 30 30
249 45 20
249 58 19
249 78 8
249 93 14
249 112 17
249 114 40
249 136 61
249 148 51
249 165 26
249 219 37
249 231 14
249 239 114
250 15 48
250 39 18
250 51 47
250 58 39
250 65 83
250 89 47
250 96 2
250 97 99
250 99 33
250 112 76
250 125 25
250 136 95
250 176 51
250 212 20
250 217 27
250 221 25
