50
1 9 39
1 22 14
1 24 26
1 25 12
1 40 26
1 44 46
1 50 28
2 4 10
2 13 50
2 15 87
2 16 13
2 17 10
2 20 31
2 23 45
2 25 16
2 31 13
2 44 36
2 47 116
2 50 29
3 4 26
3 10 13
3 12 38
3 16 15
3 19 34
3 22 57
3 26 20
3 29 20
3 30 124
3 40 20
4 2 10
4 3 26
4 7 4
4 33 53
4 40 43
4 44 161
4 48 51
4 50 74
5 10 40
5 17 2
5 21 45
5 22 7
5 25 5
5 29 17
5 32 9
5 37 41
5 39 16
5 50 13
6 8 8
6 9 32
6 10 25
6 18 9
6 21 18
6 33 4
7 4 4
7 11 39
7 14 10
7 15 54
7 20 8
7 21 30
7 22 61
7 26 57
7 32 37
7 35 14
7 42 70
7 47 20
7 48 62
7 50 22
8 6 8
8 13 19
8 28 20
8 34 42
8 35 23
8 39 22
8 42 43
8 50 30
9 1 39
9 6 32
9 17 6
9 24 43
9 26 62
9 31 46
9 32 43
9 36 20
9 40 99
9 42 24
10 3 13
10 5 40
10 6 25
10 26 40
10 28 27
10 30 167
10 31 28
10 39 13
10 44 21
11 7 39
11 15 80
11 18 15
11 19 42
11 20 18
11 21 33
11 33 51
11 44 10
11 45 84
11 50 69
12 3 38
12 13 85
12 14 57
12 19 23
12 25 24
12 27 31
12 47 22
12 50 163
13 2 50
13 8 19
13 12 85
13 20 38
13 27 33
13 31 21
13 39 9
13 41 17
14 7 10
14 12 57
14 15 37
14 29 7
14 34 31
14 36 30
14 43 35
14 50 32
15 2 87
15 7 54
15 11 80
15 14 37
15 18 40
15 21 23
15 25 82
15 43 31
15 46 11
15 49 9
16 2 13
16 3 15
16 22 37
16 33 78
16 43 34
17 2 10
17 5 2
17 9 6
17 18 46
17 25 29
17 27 19
17 34 17
18 6 9
18 11 15
18 15 40
18 17 46
18 19 134
18 25 22
18 26 30
18 38 55
18 43 26
18 44 59
18 47 70
18 50 57
19 3 34
19 11 42
19 12 23
19 18 134
19 20 13
19 23 34
19 26 50
19 37 29
19 39 40
19 42 42
19 46 17
19 47 74
19 48 5
20 2 31
20 7 8
20 11 18
20 13 38
20 19 13
20 22 51
20 40 14
20 50 44
21 5 45
21 6 18
21 7 30
21 11 33
21 15 23
21 22 9
21 24 17
21 32 34
21 39 68
22 1 14
22 3 57
22 5 7
22 7 61
22 16 37
22 20 51
22 21 9
22 32 39
22 37 23
23 2 45
23 19 34
23 26 112
23 27 33
23 29 24
23 30 28
23 33 21
23 38 4
23 40 14
23 42 12
23 46 3
23 50 24
24 1 26
24 9 43
24 21 17
24 33 61
24 34 67
24 40 15
24 42 10
24 43 31
24 47 13
24 49 10
24 50 39
25 1 12
25 2 16
25 5 5
25 12 24
25 15 82
25 17 29
25 18 22
25 27 52
25 38 21
25 46 65
25 47 61
26 3 20
26 7 57
26 9 62
26 10 40
26 18 30
26 19 50
26 23 112
26 28 70
26 35 26
26 45 43
26 46 50
27 12 31
27 13 33
27 17 19
27 23 33
27 25 52
27 33 60
27 37 13
27 39 12
27 46 4
27 49 70
28 8 20
28 10 27
28 26 70
28 29 16
28 35 9
28 50 17
29 3 20
29 5 17
29 14 7
29 23 24
29 28 16
29 32 5
29 40 2
29 41 54
30 3 124
30 10 167
30 23 28
30 36 39
30 38 27
30 42 20
30 50 35
31 2 13
31 9 46
31 10 28
31 13 21
31 36 21
31 42 40
32 5 9
32 7 37
32 9 43
32 21 34
32 22 39
32 29 5
32 43 40
33 4 53
33 6 4
33 11 51
33 16 78
33 23 21
33 24 61
33 27 60
33 35 10
33 37 39
33 44 52
33 46 47
34 8 42
34 14 31
34 17 17
34 24 67
34 50 74
35 7 14
35 8 23
35 26 26
35 28 9
35 33 10
36 9 20
36 14 30
36 30 39
36 31 21
36 38 75
36 49 34
36 50 23
37 5 41
37 19 29
37 22 23
37 27 13
37 33 39
37 38 22
37 46 45
38 18 55
38 23 4
38 25 21
38 30 27
38 36 75
38 37 22
38 41 61
38 45 10
38 48 32
39 5 16
39 8 22
39 10 13
39 13 9
39 19 40
39 21 68
39 27 12
39 40 73
39 43 102
40 1 26
40 3 20
40 4 43
40 9 99
40 20 14
40 23 14
40 24 15
40 29 2
40 39 73
40 41 41
41 13 17
41 29 54
41 38 61
41 40 41
42 7 70
42 8 43
42 9 24
42 19 42
42 23 12
42 24 10
42 30 20
42 31 40
43 14 35
43 15 31
43 16 34
43 18 26
43 24 31
43 32 40
43 39 102
43 44 38
43 50 35
44 1 46
44 2 36
44 4 161
44 10 21
44 11 10
44 18 59
44 33 52
44 43 38
45 11 84
45 26 43
45 38 10
45 49 31
46 15 11
46 19 17
46 23 3
46 25 65
46 26 50
46 27 4
46 33 47
46 37 45
46 50 63
47 2 116
47 7 20
47 12 22
47 18 70
47 19 74
47 24 13
47 25 61
47 48 38
48 4 51
48 7 62
48 19 5
48 38 32
48 47 38
48 49 33
49 15 9
49 24 10
49 27 70
49 36 34
49 45 31
49 48 33
50 1 28
50 2 29
50 4 74
50 5 13
50 7 22
50 8 30
50 11 69
50 12 163
50 14 32
50 18 57
50 20 44
50 23 24
50 24 39
50 28 17
50 30 35
50 34 74
50 36 23
50 43 35
50 46 63
