25
1 6 54
1 10 191
1 14 29
1 19 55
2 4 17
2 9 28
2 11 85
2 13 107
2 16 16
2 18 32
2 20 37
2 23 5
2 24 43
3 12 48
3 25 5
4 2 17
4 6 43
4 7 35
4 8 28
4 9 45
4 11 10
4 14 8
4 15 7
4 17 49
4 24 29
5 12 49
5 25 81
6 1 54
6 4 43
6 7 13
6 13 121
6 14 32
6 16 5
6 21 28
6 24 60
7 4 35
7 6 13
7 14 80
7 18 7
7 22 51
7 23 25
8 4 28
8 15 61
8 21 47
8 22 17
8 23 57
9 2 28
9 4 45
9 11 52
9 14 56
9 17 24
9 19 22
10 1 191
10 11 31
10 13 25
10 15 19
10 21 28
10 22 24
11 2 85
11 4 10
11 9 52
11 10 31
11 13 32
11 15 67
11 18 16
11 19 5
11 22 20
11 23 7
11 24 31
12 3 48
12 5 49
12 25 22
13 2 107
13 6 121
13 10 25
13 11 32
13 20 20
13 22 49
13 24 49
14 1 29
14 4 8
14 6 32
14 7 80
14 9 56
14 15 48
14 16 71
14 20 11
14 22 39
15 4 7
15 8 61
15 10 19
15 11 67
15 14 48
15 23 100
15 24 21
16 2 16
16 6 5
16 14 71
16 20 88
16 22 38
17 4 49
17 9 24
17 19 74
17 20 6
17 21 64
18 2 32
18 7 7
18 11 16
18 19 35
18 20 20
19 1 55
19 9 22
19 11 5
19 17 74
19 18 35
19 20 44
19 23 96
19 24 122
20 2 37
20 13 20
20 14 11
20 16 88
20 17 6
20 18 20
20 19 44
21 6 28
21 8 47
21 10 28
21 17 64
22 7 51
22 8 17
22 10 24
22 11 20
22 13 49
22 14 39
22 16 38
22 24 4
23 2 5
23 7 25
23 8 57
23 11 7
23 15 100
23 19 96
24 2 43
24 4 29
24 6 60
24 11 31
24 13 49
24 15 21
24 19 122
24 22 4
25 3 5
25 5 81
25 12 22
