200
73 101 20 109 
38 11 108 175 113 18 158 
78 
101 197 102 111 51 90 
101 73 46 174 50 84 54 22 158 
196 71 72 179 116 149 158 94 
80 145 180 121 91 
160 97 32 193 194 122 124 190 127 
163 84 46 31 
169 134 15 
162 2 142 15 144 
196 133 165 105 13 24 
12 141 14 82 122 190 
117 13 
65 98 69 103 10 11 17 114 89 
48 94 
164 36 44 77 15 144 81 146 21 185 157 
144 2 190 106 
34 106 43 148 183 27 126 
128 1 192 100 154 
17 101 117 46 
128 138 5 142 
99 197 45 111 175 
156 12 
97 129 122 136 169 120 26 190 
101 105 174 143 149 25 28 
165 78 19 51 30 31 94 159 
192 167 40 185 26 
197 198 133 39 107 174 55 155 
192 97 67 169 77 80 27 
162 35 9 76 85 27 126 191 
133 8 41 171 48 115 125 
168 132 
19 78 195 
99 31 71 
153 174 17 57 93 
103 
2 172 77 82 59 124 95 
169 154 76 29 
163 177 182 54 28 
32 134 144 81 180 53 191 
197 69 102 103 139 155 174 84 187 
72 65 19 
196 102 45 175 17 149 56 
23 44 119 
5 166 9 172 173 76 144 21 
128 188 190 
160 193 32 16 59 126 
80 
136 192 5 127 
67 4 59 185 186 27 
66 171 143 111 113 179 116 182 158 
41 195 117 198 
132 5 40 181 188 
128 173 61 87 29 
112 130 44 
36 166 106 76 88 60 

96 38 105 75 48 177 114 51 
57 117 174 
103 143 179 86 55 153 
122 95 
165 73 177 179 125 
138 199 
68 106 43 172 77 15 119 
173 156 188 52 124 126 
175 51 118 30 
65 75 118 
162 199 42 77 15 146 88 154 157 
196 198 107 143 114 
81 121 35 6 
43 91 6 
1 5 167 106 188 63 
92 133 
132 68 166 169 141 154 59 
98 197 39 103 109 46 174 57 31 
65 195 69 38 140 17 115 116 86 30 159 
34 3 142 27 156 
122 91 156 
165 7 107 109 49 187 125 30 159 
71 41 175 17 118 
38 177 13 149 
184 107 123 116 
5 9 42 120 191 
153 114 31 
130 169 77 173 61 
195 111 55 
195 101 69 133 137 175 57 
112 106 176 15 
161 4 
96 7 72 79 92 
142 74 91 134 
36 
161 6 167 142 16 152 27 190 
133 38 104 140 111 158 62 
91 59 173 
8 139 140 25 189 30 
160 76 15 151 122 188 
192 35 146 180 23 124 
101 137 179 116 20 125 
1 100 4 5 180 21 88 26 
162 4 169 42 44 
37 106 42 76 15 124 146 180 150 156 61 
160 147 150 183 95 
132 170 12 26 59 
65 103 73 18 19 179 89 57 
70 80 83 181 29 
193 2 168 144 151 154 
1 169 170 138 76 80 178 180 127 
178 194 142 
4 173 147 180 52 23 87 95 
56 89 140 
194 2 134 52 150 127 
70 134 15 85 59 
32 134 77 178 183 120 190 
100 6 77 146 83 52 183 157 
194 170 138 172 14 60 142 145 53 21 156 
67 68 167 136 173 81 178 181 126 
65 45 182 175 
25 115 84 158 
179 7 198 71 
98 8 139 13 79 25 62 
199 168 136 83 147 150 152 
66 99 38 103 8 200 179 
32 100 80 186 157 190 63 
66 140 48 19 118 31 159 
135 8 109 113 50 
20 55 22 47 
25 140 
56 133 86 
174 143 
33 165 105 75 175 54 
32 130 167 74 172 12 88 29 95 
41 10 174 113 114 115 92 158 
160 141 185 157 127 
171 139 50 118 25 123 158 
88 100 152 
64 197 109 117 22 153 
97 194 136 42 172 144 122 
97 129 199 77 112 146 156 126 95 
135 75 13 177 153 159 
11 174 110 78 117 22 184 92 94 
131 70 52 26 61 
41 11 108 139 46 17 18 159 
187 117 198 7 
99 69 103 140 17 116 153 187 
104 187 111 182 123 
19 
26 6 44 82 186 
165 103 104 113 123 
98 165 198 108 177 
163 137 179 123 94 
36 138 141 146 85 157 61 
69 39 75 108 20 
42 29 191 
66 103 140 78 79 117 24 
69 135 200 17 116 153 125 
2 5 134 6 136 173 52 120 95 
77 141 144 80 186 27 126 
98 135 8 104 175 48 182 
90 195 94 
11 69 102 31 
152 9 40 
177 17 187 179 
132 12 80 150 151 27 63 
57 75 46 
133 73 118 28 94 
33 123 108 
102 39 10 75 109 86 25 30 
105 117 109 174 
32 52 136 
65 133 198 38 139 46 117 
96 66 46 174 111 55 86 118 184 158 
131 36 5 134 42 170 76 173 142 26 60 29 
160 192 194 2 67 132 44 81 23 119 88 
184 89 197 
164 40 141 82 151 59 188 63 
118 115 109 110 
193 164 100 6 106 52 152 121 124 61 63 
99 101 7 103 41 109 111 
54 107 118 
160 40 147 52 119 
115 19 116 104 
176 83 173 142 
17 51 28 135 
125 51 149 159 
164 42 80 145 146 147 190 
66 98 197 73 47 177 54 
97 191 
8 13 47 18 115 25 187 125 94 
195 41 84 155 189 31 
99 197 175 50 20 28 30 
197 8 108 48 179 
8 139 110 175 113 117 
161 34 77 53 87 88 191 
70 12 6 44 
192 193 4 42 138 76 176 23 188 29 
70 172 145 53 151 121 29 
64 123 140 69 
124 157 
