1000
827 263 75 314 593 209 565 376 954 859 188 
928 228 965 837 620 79 500 411 347 
417 541 900 714 266 875 428 432 177 529 659 84 277 185 125 255 
580 232 395 116 404 892 
864 992 162 414 165 393 10 299 632 253 350 
832 353 71 10 683 908 620 397 781 798 848 466 411 57 826 699 889 735 
257 518 776 395 32 289 683 428 830 723 211 85 739 227 235 755 883 629 758 
514 390 391 910 274 767 21 790 421 811 301 562 179 706 972 216 347 95 353 107 752 756 255 
828 903 809 116 540 831 
545 931 5 6 631 778 810 558 720 150 246 376 281 603 155 829 415 
673 66 191 868 932 376 584 937 396 140 367 243 340 533 984 569 477 863 
992 352 615 202 940 588 849 817 818 595 91 
320 836 102 998 744 361 587 780 270 879 175 181 566 185 799 
906 398 786 151 792 32 421 938 817 950 60 317 852 981 471 347 349 358 754 125 
288 579 259 552 874 75 875 492 814 174 976 849 337 433 660 150 891 
354 387 646 459 972 957 818 915 850 280 475 93 763 
578 932 870 281 912 977 625 661 985 958 
480 226 642 130 35 934 711 939 653 112 274 114 894 982 54 440 190 510 
449 98 195 784 362 74 975 175 465 633 591 688 602 634 439 56 953 538 
865 770 836 644 261 358 488 237 335 815 849 401 691 565 826 763 445 
259 935 8 874 719 527 729 214 120 857 
647 650 532 411 797 416 674 939 697 570 572 829 320 334 852 344 735 744 748 118 
514 905 649 400 273 529 555 307 311 320 708 850 851 982 86 470 475 990 740 362 241 
640 827 198 263 328 618 910 399 208 304 82 688 309 666 858 699 990 
514 324 103 839 265 908 880 86 825 251 541 
832 97 737 804 485 71 455 871 999 137 585 461 205 79 144 726 666 317 
162 548 293 742 712 686 369 499 825 185 922 
419 936 396 780 980 127 
738 292 741 870 263 175 849 817 275 373 503 575 
603 102 166 678 167 904 810 554 462 760 337 625 563 49 248 538 507 
737 599 976 50 147 852 245 151 504 761 221 799 
864 577 674 356 7 392 425 905 77 14 980 566 503 377 922 731 575 
548 965 390 807 796 809 588 817 786 339 310 342 374 441 155 508 
512 478 237 623 559 945 528 308 951 183 62 
613 742 394 299 715 811 749 750 462 591 18 886 730 829 
64 355 707 230 552 296 969 750 399 815 982 761 250 959 57 
321 707 452 901 351 903 681 43 843 780 734 432 316 476 62 607 
353 324 615 393 399 175 88 377 923 
576 868 197 613 198 810 427 876 368 880 947 981 470 347 956 510 
416 993 772 357 136 41 785 438 248 926 159 
323 515 485 40 746 556 789 286 
960 135 297 681 878 368 464 562 919 895 
704 471 195 804 37 614 551 840 554 913 562 437 501 246 312 247 540 511 
899 644 261 904 528 147 919 542 299 557 46 695 698 962 583 970 86 855 984 355 230 111 497 636 
96 994 899 383 937 906 876 204 753 465 851 982 503 184 665 639 
827 836 329 490 522 170 44 430 494 624 753 336 596 537 538 955 
544 161 290 519 679 936 876 973 271 528 881 561 759 633 474 
352 801 514 993 868 905 845 50 659 408 925 
608 450 75 941 847 498 819 692 84 341 886 59 30 
480 617 202 748 460 588 302 48 977 82 853 630 663 31 
416 769 801 192 518 969 554 365 814 914 627 151 441 666 635 927 
704 833 520 334 846 498 404 53 471 252 798 286 
996 773 845 430 369 52 664 442 95 
288 736 258 260 966 168 200 652 780 269 671 18 725 921 798 927 
519 427 813 493 974 431 152 505 154 380 
961 866 327 298 299 587 204 270 399 752 19 179 629 789 475 157 671 
676 452 36 260 6 135 263 679 569 849 220 661 984 921 507 924 415 
617 876 365 302 206 82 724 89 127 
128 812 556 526 49 979 119 632 924 319 
962 614 536 138 14 814 564 117 152 571 
548 669 457 394 557 366 79 754 403 724 308 914 214 767 311 639 
416 704 34 964 580 37 901 265 
774 138 541 163 291 683 952 954 830 446 323 708 326 337 87 231 873 495 506 
578 867 36 414 171 957 284 406 982 86 89 666 892 157 190 
770 675 837 262 178 599 251 927 
259 995 774 11 971 670 78 753 850 314 254 
134 779 655 147 404 277 407 924 925 415 935 936 429 944 180 437 441 967 203 219 754 886 
131 773 917 674 163 424 172 561 196 838 968 977 854 602 994 101 232 234 121 637 
897 963 426 843 239 254 184 923 478 
576 609 514 100 229 359 680 793 922 703 
923 389 6 968 139 750 208 372 725 597 596 792 441 26 794 
795 676 260 392 779 766 206 146 86 153 794 155 985 350 
130 290 292 454 905 811 141 686 782 174 655 211 852 470 376 282 702 223 
225 869 103 747 459 623 367 495 19 723 756 533 566 278 281 283 767 
1 776 15 273 538 794 163 932 49 823 189 318 322 713 207 341 101 489 492 236 496 
677 903 970 845 622 270 306 595 470 984 600 185 731 
32 713 874 242 887 349 605 
66 739 937 329 267 109 877 719 639 117 863 346 251 799 
832 2 388 423 329 430 911 400 785 112 854 537 26 61 830 
480 417 762 166 710 244 532 886 215 441 538 924 93 831 
965 358 746 333 239 307 308 600 889 858 539 764 
608 194 58 520 1000 521 718 50 24 410 987 700 702 
640 513 993 900 935 968 201 394 202 907 908 496 754 696 318 
96 417 3 552 297 777 458 399 401 49 659 821 728 
576 453 422 7 519 745 265 813 270 558 369 755 853 663 952 
64 833 514 132 870 72 936 473 44 751 721 23 214 887 25 924 510 
872 616 429 63 629 823 408 857 602 891 541 415 
897 161 579 705 132 38 327 907 590 659 571 
64 264 265 620 333 752 657 401 147 58 830 
376 261 935 872 553 877 592 561 690 914 629 311 696 185 762 94 319 
224 993 770 451 290 610 995 613 12 686 718 212 566 376 923 220 734 
128 672 768 744 714 106 364 620 403 340 245 793 379 892 830 
161 99 131 712 105 490 909 655 208 16 658 723 403 80 856 862 415 
90 111 499 181 407 474 799 
513 387 8 265 157 798 161 547 549 168 53 439 951 440 960 453 205 721 468 221 235 237 758 887 379 
775 906 780 917 923 45 559 569 831 967 716 84 853 603 859 478 223 374 382 895 
129 675 26 710 935 365 973 431 882 627 570 731 605 
827 866 291 964 644 261 712 587 686 303 283 19 406 571 
518 775 519 268 332 397 973 915 372 93 374 829 
398 535 793 537 287 939 304 825 314 191 838 70 199 584 587 588 845 851 341 228 362 619 624 761 
576 193 68 968 650 427 75 239 335 465 729 790 630 985 347 311 383 
161 870 748 396 13 781 686 786 372 821 341 857 634 891 30 
483 965 966 841 74 301 435 277 887 25 538 
163 516 966 295 905 715 465 497 371 151 122 
833 614 200 940 655 914 244 245 282 571 93 
320 736 642 517 552 459 491 342 922 507 92 
771 135 8 684 442 496 178 500 245 982 218 158 
928 289 996 676 872 684 877 238 910 304 817 177 912 276 919 250 
280 194 230 237 78 847 337 850 564 469 375 504 
962 902 903 136 586 331 779 460 370 437 600 697 349 894 
994 131 158 137 267 44 823 504 317 188 925 94 927 
644 615 396 79 18 403 793 920 185 602 
905 780 909 655 145 274 406 553 694 830 832 972 850 595 351 610 871 882 122 
163 932 837 166 522 428 972 881 18 339 403 499 149 123 
769 898 197 615 328 170 554 687 943 336 210 756 215 670 
194 418 259 4 132 136 9 591 469 406 669 734 
769 396 60 78 848 657 627 852 533 917 571 156 
898 867 290 712 651 657 466 756 22 439 346 
768 418 770 550 615 427 590 463 628 916 854 855 59 636 
288 776 648 589 628 501 21 279 728 253 702 
865 194 68 965 806 393 908 686 814 468 342 279 636 157 
397 788 535 409 283 196 965 454 332 208 220 605 870 104 622 113 754 636 639 
128 289 931 165 806 167 236 114 275 595 436 981 795 828 
390 903 142 144 275 281 285 166 167 810 187 577 838 714 205 727 476 880 497 755 381 
418 3 550 711 231 236 14 209 311 
140 429 877 850 212 373 565 788 761 986 157 
608 867 904 778 141 528 499 692 567 58 28 317 511 
392 784 274 403 161 418 684 825 59 956 325 474 92 481 362 123 749 379 765 
769 993 97 164 781 366 338 696 383 
291 390 425 73 396 910 625 18 601 379 703 
674 388 68 970 813 219 111 304 755 855 536 923 188 93 731 
897 360 393 201 651 116 821 86 88 281 
355 408 393 874 875 620 815 881 824 339 247 504 510 
896 705 67 228 581 987 618 557 239 177 914 561 245 406 600 955 415 
513 388 42 747 107 304 752 244 407 151 57 410 798 639 
641 162 40 297 362 843 523 556 110 371 116 149 663 666 955 476 253 
449 162 451 455 441 812 972 845 718 111 401 175 533 889 26 411 
777 781 400 914 661 926 671 294 942 562 564 442 60 700 63 320 579 581 591 601 233 761 
420 955 710 71 328 970 239 344 539 730 507 
672 868 452 200 11 332 724 886 758 215 669 126 607 
769 993 453 73 330 878 495 819 725 310 439 317 127 
896 771 903 527 275 916 789 161 292 553 812 431 956 460 211 853 603 744 361 124 
386 644 153 796 546 291 808 939 188 965 975 337 213 216 994 368 752 629 886 252 
577 866 993 610 227 711 638 747 560 721 563 180 26 124 157 572 
448 225 896 580 743 906 664 113 817 723 629 726 280 826 605 
799 309 72 840 848 473 986 221 478 740 870 872 1000 625 885 633 379 636 509 
770 898 772 782 662 31 160 673 678 44 310 441 67 89 219 862 224 353 482 248 377 
673 899 163 936 810 779 719 434 948 597 246 376 636 
322 167 712 136 844 556 654 114 179 532 882 570 508 861 
768 10 15 399 527 789 555 819 955 829 838 457 594 217 604 864 483 630 763 
195 135 199 104 297 330 14 241 51 372 984 154 956 31 
962 867 324 931 707 166 873 779 335 368 405 55 599 60 318 
256 993 352 742 72 648 365 335 143 914 467 859 
259 842 235 364 941 400 894 501 55 151 478 
33 226 772 359 72 10 491 782 560 913 703 252 693 924 573 159 
225 937 298 492 430 242 914 852 117 219 
64 227 965 389 168 936 618 575 366 144 241 726 56 121 666 126 95 
483 484 550 582 937 649 107 111 688 662 311 792 570 603 988 
649 523 403 791 795 155 540 40 938 303 967 210 856 345 859 864 619 369 372 629 764 254 
704 482 995 838 295 488 265 431 559 147 346 923 
128 738 387 964 102 457 873 142 47 722 533 88 93 382 95 
163 5 389 136 137 201 877 367 369 27 349 542 
640 898 388 905 660 148 794 162 164 178 447 63 579 68 75 718 104 490 114 
129 898 929 163 259 485 933 550 424 339 630 792 217 383 
832 193 578 197 5 645 166 748 621 559 592 401 368 310 887 538 123 284 
512 673 165 742 174 367 591 80 114 787 30 152 922 124 350 255 
672 803 227 550 713 586 524 911 945 242 595 149 123 124 253 30 671 
929 322 968 1000 212 885 54 763 764 157 95 
612 230 650 602 725 186 511 
802 899 676 713 394 875 365 46 847 529 115 767 
64 194 899 293 488 202 556 717 493 335 434 787 183 828 
68 549 714 940 369 531 468 597 697 
258 424 584 462 274 886 470 287 
996 166 73 490 15 370 380 892 
512 453 38 262 999 809 137 13 19 851 947 788 535 29 
646 659 533 918 670 416 678 565 706 456 971 718 213 727 606 234 618 635 509 894 
577 3 134 455 542 299 108 717 441 509 798 639 
65 450 163 322 965 809 617 427 107 269 781 526 719 465 752 380 540 
644 8 905 908 398 403 916 149 539 683 303 560 56 316 582 727 359 876 885 
67 679 144 980 566 727 793 378 
391 13 529 789 280 665 932 933 690 822 597 982 472 218 94 480 995 741 485 614 
420 585 395 619 844 941 734 590 272 464 912 958 311 378 475 829 862 703 
352 34 934 171 403 342 918 923 
832 576 964 69 805 327 682 45 429 782 974 946 284 670 287 
3 521 13 784 27 548 678 832 577 716 76 460 466 467 596 90 612 367 112 
516 329 809 169 218 239 559 213 886 728 249 474 187 766 
545 517 903 304 824 920 249 186 124 540 542 
1 131 519 647 780 143 275 663 290 934 936 303 713 332 976 848 985 605 989 349 230 111 626 506 635 509 
448 964 875 75 333 463 884 502 510 
64 192 960 199 456 426 906 938 753 18 945 882 949 345 347 668 638 
928 609 509 100 554 11 428 465 499 725 826 445 767 
930 359 807 329 301 845 943 530 51 917 378 316 285 190 831 
101 165 669 460 524 623 944 595 852 925 222 
673 291 996 549 776 488 522 171 365 109 241 82 116 213 888 121 475 701 
928 548 261 554 43 19 151 793 734 
321 449 68 713 618 525 366 271 501 634 122 252 958 671 
165 39 334 720 115 723 277 950 
544 866 932 39 745 425 271 501 888 24 698 573 990 831 
100 581 967 647 1000 458 461 559 561 341 213 151 730 634 190 799 
293 872 105 330 748 140 251 303 687 624 372 341 54 250 219 
704 162 932 132 999 809 683 939 304 369 83 374 413 702 
929 519 695 970 171 971 12 492 365 50 83 243 884 567 761 507 444 
320 67 872 938 624 892 927 
899 356 963 518 934 712 872 425 906 45 973 207 820 277 56 733 926 
546 771 483 902 778 331 972 302 942 442 467 854 311 26 891 124 95 
354 867 72 264 495 243 926 58 732 510 
541 797 75 491 876 204 564 727 632 665 509 702 
832 930 227 354 71 715 749 693 24 122 93 863 
1 612 903 360 713 333 461 493 592 656 464 760 571 859 125 
674 802 421 390 678 487 555 270 688 115 595 245 536 959 318 159 
738 573 676 389 292 678 7 73 142 496 468 631 793 699 572 925 
994 483 772 520 168 587 625 913 627 306 767 345 698 91 605 126 511 
902 390 393 397 143 919 424 682 430 176 949 186 318 704 194 199 726 866 765 638 639 
658 21 406 414 800 685 817 61 445 463 978 596 725 86 729 730 478 355 879 624 
512 611 419 328 140 80 115 853 309 889 446 
611 261 326 8 777 938 907 621 143 241 756 
864 674 164 485 260 455 521 940 592 150 342 538 445 479 
582 650 683 107 378 847 464 528 347 339 181 186 603 
832 67 131 741 764 200 457 521 937 939 558 239 431 147 437 470 439 156 
768 708 649 250 556 378 850 914 597 863 311 57 122 91 799 
392 520 528 657 146 671 31 808 815 559 945 571 600 477 95 868 754 627 891 
576 193 740 585 877 974 849 309 981 437 761 379 860 
96 513 612 710 616 73 394 363 269 685 334 786 242 754 340 985 284 
832 578 548 773 779 303 147 279 91 
897 397 655 145 410 282 156 925 420 559 943 818 315 961 74 342 859 608 229 743 875 
512 641 705 768 421 966 655 687 18 405 155 765 607 
291 550 7 327 167 365 208 144 468 157 
2 134 266 273 401 658 544 567 835 323 591 851 852 602 100 619 877 886 507 
225 774 70 776 970 766 719 783 633 496 851 958 889 574 607 
36 838 551 169 44 109 270 755 600 188 
834 387 762 605 905 522 651 301 307 125 538 477 63 
771 4 68 328 873 845 302 337 723 310 663 863 732 831 
769 936 138 782 559 465 787 884 435 888 762 315 255 
68 426 748 590 176 658 728 828 829 572 
513 257 451 7 807 808 264 812 404 95 154 830 831 
259 408 294 583 669 75 364 855 911 625 372 695 536 123 668 125 766 
769 34 585 109 368 561 594 948 20 597 310 953 95 
452 420 614 488 777 363 747 108 334 591 466 658 535 
134 139 271 422 815 305 186 69 975 81 850 725 219 101 742 496 886 761 511 
544 320 686 782 273 594 531 596 248 923 
928 194 994 420 582 779 684 639 657 881 23 151 216 825 157 255 
482 931 167 361 937 298 77 366 372 341 726 156 349 223 
800 321 417 481 388 869 202 11 653 813 686 206 753 463 505 893 383 
480 356 967 135 713 393 809 105 80 883 728 765 510 511 
516 134 646 271 666 414 31 804 940 575 975 210 339 855 473 988 92 481 870 105 107 876 762 891 
668 482 771 773 550 904 10 43 302 945 148 661 503 376 508 862 
256 386 376 133 967 745 489 43 427 972 301 467 888 539 
608 961 484 40 240 467 147 30 735 
676 325 934 646 264 329 396 187 749 251 752 816 630 571 186 859 989 
384 389 646 281 36 294 811 688 433 317 321 200 975 980 728 602 988 220 864 108 371 
65 675 421 967 200 297 876 429 78 975 431 881 894 825 249 699 765 25 
612 196 295 143 784 497 848 52 279 474 155 349 
480 577 513 5 637 167 136 843 728 595 980 468 984 120 859 699 575 
66 578 962 69 262 328 650 459 305 703 403 503 632 538 159 
288 3 644 166 614 8 233 368 241 850 816 405 312 891 
417 354 353 452 519 523 619 688 564 533 789 599 153 538 247 959 
321 740 773 7 298 235 396 558 273 980 791 
263 173 399 54 887 665 698 540 606 415 
66 322 164 963 776 585 236 620 15 627 116 21 154 
352 803 542 72 969 940 655 752 305 703 499 54 217 894 57 
98 195 806 364 44 849 20 216 90 349 990 
65 707 420 645 841 494 847 175 559 532 601 954 315 254 
1 258 739 865 547 963 740 388 647 938 605 560 792 29 24 57 509 990 
89 706 612 999 345 459 235 206 911 561 820 852 310 760 249 570 891 
89 160 969 494 401 85 855 25 62 95 
640 3 739 228 549 585 842 523 940 817 884 823 412 
929 578 706 345 557 78 111 464 785 439 857 732 637 
99 646 774 714 938 395 594 343 730 954 829 
450 804 974 879 849 178 950 54 438 667 223 
230 521 300 780 76 13 784 210 532 85 822 56 474 287 
407 640 451 196 868 198 746 364 941 239 47 529 627 917 245 278 
416 361 846 974 658 182 537 794 445 
257 228 75 910 240 563 23 374 503 792 570 379 829 
128 834 579 8 173 304 113 18 627 338 560 694 954 284 765 831 
448 896 764 955 808 488 458 1000 557 142 367 188 855 123 124 29 
549 617 108 524 942 303 559 593 369 595 881 282 794 
929 67 3 740 197 710 103 362 490 908 204 400 978 661 888 861 830 
704 352 326 892 574 74 638 300 346 271 656 442 828 829 572 799 
224 796 620 751 306 340 853 729 120 121 252 477 889 
419 293 872 109 526 16 369 145 181 955 285 638 671 
288 513 612 132 614 10 74 684 621 848 17 663 250 124 
737 225 73 105 332 782 401 403 276 602 570 
98 579 356 838 74 702 461 122 574 
64 165 518 458 430 274 371 658 725 949 634 184 986 413 223 
192 280 295 747 365 336 915 536 124 319 
898 642 516 41 425 841 906 525 687 52 437 602 668 799 
100 804 582 173 270 980 184 731 317 
547 328 424 939 428 15 54 120 281 255 
961 962 932 516 676 7 615 424 456 969 108 751 339 468 379 123 
737 418 73 425 811 988 47 815 527 304 118 91 188 
130 143 657 668 417 547 936 557 437 824 825 826 63 194 459 594 982 98 227 890 
641 484 73 489 491 855 334 142 304 29 211 755 663 634 311 
388 376 966 200 491 171 846 498 596 280 537 27 670 
778 138 671 930 554 427 575 964 455 333 721 851 981 997 742 619 236 250 510 
480 160 548 487 104 553 534 252 285 639 
800 547 708 36 485 582 334 336 496 309 886 378 379 508 957 510 383 
136 528 403 662 151 547 42 430 304 700 330 980 84 345 993 874 879 633 251 
833 705 257 389 649 346 366 911 242 629 854 568 56 156 
35 5 745 44 304 369 913 177 691 56 350 
966 390 270 564 278 990 
192 965 423 103 231 8 616 329 489 592 946 979 630 247 504 349 478 895 
964 58 678 232 812 876 909 205 656 50 246 538 732 478 
224 98 550 200 496 179 436 276 310 537 188 159 
131 902 135 527 274 917 24 290 292 676 297 299 427 811 187 201 335 100 997 108 749 
260 837 582 877 239 661 254 632 923 317 446 
384 668 387 643 841 76 212 279 892 511 
966 231 684 912 81 628 502 23 569 858 830 991 
34 997 956 397 973 81 434 754 660 405 508 61 319 
382 964 868 901 326 806 518 647 296 844 557 754 146 215 24 378 829 222 
640 33 419 165 678 232 264 587 141 237 303 627 147 790 316 924 542 
914 23 158 799 292 941 182 568 571 444 61 205 596 729 90 220 481 101 749 494 125 
929 708 996 485 1000 43 684 722 884 538 923 255 
578 323 836 1000 910 
1 66 740 452 100 645 330 715 401 946 534 502 697 796 829 
225 262 233 429 558 626 664 573 
192 37 775 714 716 620 816 179 310 792 506 
800 545 864 26 287 745 823 141 14 111 305 595 791 250 956 477 127 
517 567 874 906 75 652 876 335 210 83 341 213 726 152 346 795 
416 448 515 805 520 745 59 525 575 308 90 507 348 285 415 
864 546 423 391 647 873 937 969 106 138 875 203 13 877 240 22 23 
640 257 774 909 798 37 557 440 569 953 956 704 196 583 606 363 498 243 760 250 
897 259 904 400 658 149 665 667 797 803 168 178 566 826 838 842 75 602 754 767 
228 423 713 41 843 397 981 760 313 893 63 
898 354 38 711 396 365 493 948 917 854 152 665 410 733 25 383 
128 519 878 656 817 249 861 606 
576 806 456 491 558 607 624 817 944 309 278 439 216 570 476 63 
353 227 581 741 650 721 662 854 184 56 88 
905 139 657 24 665 667 926 288 696 699 706 460 597 727 215 604 232 115 254 
192 363 301 781 973 46 337 78 79 570 535 249 186 541 
416 385 582 679 200 297 141 564 695 151 314 539 766 
997 362 205 110 689 786 570 987 
99 451 931 796 424 810 282 140 819 435 852 887 122 411 188 669 
480 545 294 81 209 658 662 189 89 827 925 
418 223 292 389 197 296 238 52 661 22 730 990 415 
649 778 783 528 20 152 153 539 171 686 304 318 590 980 855 609 357 101 614 883 888 
352 740 296 46 115 918 567 285 637 382 
547 708 232 329 907 109 493 558 655 369 15 143 570 30 63 
449 129 770 514 933 965 903 746 879 943 752 274 763 
833 33 289 868 164 133 783 114 981 245 408 218 891 862 607 
896 545 418 356 11 942 656 497 818 436 532 279 889 92 223 
318 962 100 102 646 199 200 75 524 721 242 497 49 760 761 574 
33 225 770 481 217 599 743 393 106 555 365 462 623 183 121 445 831 
672 673 483 840 568 268 846 504 764 
388 139 816 529 628 22 822 920 793 667 604 958 
704 549 987 807 871 584 264 297 267 460 595 212 435 824 571 190 159 
160 669 423 298 78 974 689 789 118 278 953 829 318 
2 770 772 8 776 14 529 666 798 39 810 555 190 832 833 586 727 218 474 863 991 101 615 620 
418 934 586 747 748 655 689 758 375 956 319 
770 261 774 904 522 653 14 532 666 925 162 422 301 558 188 447 576 77 746 110 242 503 505 252 
5 166 391 392 72 299 459 524 400 914 789 
580 37 485 677 680 968 635 555 460 113 791 537 378 923 
547 708 260 966 583 907 12 336 817 658 784 48 373 278 183 153 
256 803 484 6 38 327 8 585 946 147 789 729 923 415 
256 963 324 744 552 810 206 208 976 16 821 766 895 
640 771 739 36 421 837 133 44 436 214 439 665 891 
32 362 204 814 283 244 501 788 661 340 694 891 
962 870 40 670 812 335 432 503 984 763 510 511 
486 487 777 714 458 715 14 816 81 564 20 405 596 634 
832 192 901 70 624 625 786 179 757 822 155 763 
132 391 810 430 719 720 209 755 499 632 412 
998 872 395 13 142 272 562 242 
128 929 100 356 742 487 136 651 331 558 882 19 884 277 23 667 798 
321 962 549 933 486 743 488 329 238 660 374 984 569 989 223 
867 261 421 774 553 236 749 974 271 561 946 409 154 92 895 
774 401 153 795 285 679 170 683 51 58 194 324 710 202 843 342 97 738 227 876 
384 129 642 394 525 788 157 419 804 298 554 435 821 696 61 196 718 849 751 242 
162 835 771 166 74 11 875 621 879 911 591 275 980 185 860 893 
928 545 165 933 39 42 237 783 143 785 152 634 255 
780 276 280 27 159 162 551 426 299 172 53 831 453 839 201 976 337 85 601 750 510 
897 707 460 396 589 622 110 689 174 958 
451 675 104 136 749 718 250 475 284 669 
99 485 102 390 71 200 747 236 242 151 824 159 
352 449 421 614 550 782 949 699 380 29 126 671 
96 33 99 900 741 201 363 525 945 273 444 895 
581 584 616 842 908 109 782 658 348 956 670 
1 776 10 522 11 912 148 543 293 814 816 700 836 711 584 73 460 90 91 490 246 247 
32 805 38 810 428 147 733 510 
192 421 351 296 941 497 434 180 309 693 182 698 218 763 220 413 926 575 
128 130 273 146 403 539 926 289 545 296 554 556 563 567 458 846 92 989 222 95 
512 960 901 781 174 410 178 373 55 985 762 
992 610 707 487 848 402 947 124 
96 161 840 336 309 662 792 543 
704 833 129 164 324 101 806 967 296 457 45 912 703 243 789 440 831 
407 995 934 518 904 584 683 779 973 366 306 818 727 250 
449 610 674 421 330 394 977 562 626 537 634 
672 803 804 556 143 432 469 247 
161 706 644 231 456 491 590 815 688 16 434 306 822 729 95 
131 163 293 344 135 263 746 696 751 79 529 530 243 824 504 602 
162 483 71 298 334 558 752 498 211 726 664 953 250 540 157 
130 515 8 652 915 794 33 420 678 300 430 815 821 570 578 835 210 213 485 372 124 
320 513 360 8 904 1000 457 969 688 531 181 566 408 858 827 350 
32 673 128 996 72 395 398 735 762 221 350 511 
739 132 548 5 133 38 605 861 752 435 244 213 342 121 829 
385 35 772 580 966 170 844 876 366 526 914 83 61 670 223 
4 7 392 268 398 788 545 807 693 182 570 839 973 720 982 483 485 361 617 639 
257 130 324 102 646 968 11 28 527 112 370 117 249 604 
225 323 99 567 6 782 434 308 213 789 982 122 605 542 
833 449 100 612 869 838 392 395 428 14 179 636 893 414 
258 36 516 38 775 814 84 150 24 633 56 
545 546 995 322 707 868 516 350 138 940 846 79 958 277 23 154 830 959 
137 265 786 20 532 282 165 679 694 314 847 977 84 89 228 365 493 502 508 
482 803 610 486 459 972 686 888 505 604 381 
128 282 159 297 179 183 696 444 61 831 467 600 92 93 611 112 114 633 762 379 254 
67 4 582 615 874 235 848 528 52 440 
226 358 648 681 746 308 152 699 255 
64 864 98 134 425 427 780 464 113 116 214 860 990 
480 384 67 613 135 1000 649 554 939 271 976 790 535 94 
773 133 391 1000 425 809 811 236 48 339 662 87 763 861 734 
615 364 908 814 818 856 122 891 766 
225 931 324 517 775 135 712 940 620 656 82 821 983 731 380 
416 2 708 6 743 775 137 332 560 756 918 534 22 633 637 
360 585 266 765 592 496 665 954 475 989 
864 456 616 201 585 939 974 847 881 561 284 473 378 892 
64 581 5 808 588 621 398 943 528 560 245 214 918 763 541 959 
353 258 67 134 519 551 10 940 334 957 590 561 87 57 93 319 
640 40 330 554 683 941 272 176 51 915 467 22 857 411 62 319 
576 256 291 3 518 839 617 815 80 496 243 84 597 437 572 
128 655 921 290 690 565 453 458 334 340 598 858 348 862 739 870 621 627 116 119 125 
280 741 714 749 366 984 920 310 215 504 731 28 638 511 
225 545 868 390 262 489 139 238 686 976 241 182 983 
385 226 355 710 8 681 716 364 749 14 911 657 210 722 373 569 378 251 
581 797 780 239 85 664 349 
576 481 546 323 320 517 454 842 346 301 79 527 688 979 436 666 765 478 
800 289 288 771 899 68 164 567 903 332 173 433 213 693 853 894 
32 130 290 198 204 766 787 406 408 286 639 
646 783 786 665 794 541 673 940 564 190 830 450 69 453 234 369 886 889 762 
833 804 101 294 39 622 654 687 304 178 626 119 55 406 247 953 443 
3 7 398 536 288 675 694 191 834 580 850 478 491 750 114 501 888 377 893 
779 653 922 541 816 560 436 564 184 569 954 315 700 67 844 87 480 864 251 126 
678 390 360 297 681 745 46 79 53 726 213 284 156 765 
512 97 962 803 160 549 519 903 142 251 880 660 55 761 219 
992 673 386 3 578 357 37 808 527 476 605 
902 807 775 424 844 909 15 560 754 979 250 
387 581 171 397 148 308 378 
864 577 579 677 103 393 233 332 718 366 760 501 696 345 
834 355 548 423 429 303 340 565 123 703 
417 67 580 291 456 43 491 575 110 883 443 694 219 222 286 
771 805 581 773 40 269 685 532 568 991 
834 355 326 998 937 617 810 267 141 977 19 659 915 566 118 219 477 95 
321 901 383 781 18 404 986 571 95 
705 33 803 67 997 71 137 638 80 593 177 691 51 467 147 986 891 606 
840 138 107 781 205 881 882 659 660 53 278 604 
898 643 933 970 427 781 591 560 914 437 664 603 958 
202 811 620 656 560 944 403 915 374 823 795 572 311 767 
555 272 849 818 20 630 214 342 217 191 
933 555 305 786 530 821 215 633 63 
163 707 582 851 563 532 732 349 
965 624 145 880 851 275 726 796 189 319 
385 675 196 456 713 137 684 940 972 973 398 338 19 373 697 796 959 
740 581 806 426 269 49 178 465 567 
930 483 837 137 235 332 271 912 721 690 371 632 953 91 
256 37 969 843 140 238 815 721 917 950 57 314 830 
645 902 141 658 418 553 426 175 559 817 722 85 474 95 741 369 756 506 639 
773 530 920 922 423 814 562 697 574 959 838 73 593 596 990 993 740 122 743 762 895 
801 483 739 294 137 650 523 687 177 217 26 
449 289 387 932 326 774 935 494 942 623 624 784 176 437 413 190 
161 573 567 391 999 383 877 754 466 150 919 953 219 61 703 
514 275 917 284 798 671 418 940 820 961 199 583 84 484 358 750 758 502 379 
350 291 616 264 74 106 941 734 16 402 469 981 254 
672 193 993 739 611 185 328 345 938 473 110 142 370 50 376 921 351 
535 550 631 519 199 747 823 591 209 753 919 26 283 
827 35 484 614 938 173 911 561 595 342 891 30 543 
577 612 933 938 557 911 243 214 119 507 189 478 
516 965 807 42 267 823 209 662 182 406 218 539 956 
450 546 535 101 486 518 808 104 1000 233 45 655 178 819 19 598 470 191 
6 743 457 553 555 238 526 788 118 185 860 
645 657 403 153 416 675 934 682 815 185 441 704 834 711 205 739 489 755 247 248 506 
289 227 637 733 650 172 588 211 121 253 95 
386 739 804 997 459 109 912 116 532 605 
838 39 583 73 490 76 173 465 786 787 914 23 219 
737 611 803 613 43 811 973 14 975 530 52 857 764 669 671 
482 491 181 982 666 
832 963 746 460 686 590 623 944 146 245 86 727 697 666 667 413 798 
128 549 453 270 974 47 347 94 186 891 252 830 
194 902 648 555 16 371 23 182 503 56 889 731 412 797 
37 326 136 974 879 432 882 563 915 725 124 575 
231 936 317 11 621 886 439 982 635 279 221 926 
517 901 146 154 34 423 428 301 302 565 950 69 463 214 732 96 487 746 502 763 
593 890 217 773 
640 613 295 333 429 525 80 18 50 244 181 407 665 603 253 574 
128 929 998 423 971 556 940 243 245 342 887 953 311 
160 513 484 489 650 557 242 530 147 402 918 246 472 734 831 
928 451 389 455 103 647 809 395 205 735 724 212 150 343 824 158 543 
353 482 963 707 292 934 776 458 490 650 619 462 626 248 956 158 
164 581 390 871 615 296 41 395 351 877 561 372 181 312 217 26 639 
800 672 740 358 363 875 844 496 465 402 602 826 
513 358 807 295 362 683 587 525 624 593 210 500 924 381 478 
160 194 713 363 171 238 786 275 787 691 20 917 629 
482 420 516 292 518 75 301 467 247 
736 163 484 775 46 174 688 277 470 376 507 93 959 
387 964 612 899 292 293 326 583 714 106 428 621 687 207 437 472 697 155 
930 935 202 75 843 844 15 659 598 632 889 571 156 511 
964 324 616 171 555 844 337 209 401 945 529 562 55 735 890 575 
800 513 834 581 262 456 265 46 311 921 762 
834 74 141 206 692 63 
417 229 486 296 874 618 75 107 971 620 239 977 303 83 211 570 412 
737 104 939 44 378 814 590 340 341 598 252 698 124 
704 321 768 611 389 293 934 907 525 49 658 980 52 855 
801 191 260 517 360 810 717 689 114 564 821 27 94 127 
737 2 898 963 487 107 846 625 945 693 888 857 953 924 
769 643 535 154 43 428 435 825 196 198 971 726 607 356 615 120 633 762 636 
675 968 458 683 556 877 623 401 307 314 189 478 
32 357 581 670 45 559 273 657 850 29 693 246 475 349 254 607 
419 388 133 652 301 109 975 111 593 703 563 560 534 983 669 343 31 
593 402 243 55 349 
581 453 988 818 467 188 316 730 667 828 766 63 
736 228 645 319 106 490 202 139 878 463 528 726 30 793 923 702 57 
768 33 898 803 548 296 401 308 149 949 246 635 863 
610 839 263 648 207 176 177 562 146 665 188 191 
640 133 18 919 795 799 803 294 39 296 688 700 189 970 206 86 985 357 369 628 244 377 891 765 
392 666 419 680 169 43 943 306 579 584 850 212 865 357 871 492 239 244 885 127 
34 226 166 938 431 175 215 761 380 
705 482 223 646 391 487 135 906 235 717 494 688 720 83 660 281 253 95 
963 70 935 8 810 458 976 48 338 86 23 25 
390 41 567 921 953 638 319 
771 399 911 400 286 289 807 684 948 186 575 582 846 464 104 489 750 882 245 894 
318 800 612 901 423 778 106 619 655 944 499 533 982 410 187 478 
384 417 801 99 579 7 489 204 911 945 465 659 51 309 853 858 284 
576 256 672 99 325 202 461 47 431 85 55 188 415 
961 899 872 778 525 82 659 212 52 884 854 569 827 221 319 
866 578 217 582 807 270 686 690 563 82 887 185 538 219 924 
194 376 231 46 526 114 563 696 603 349 669 926 
576 993 256 835 612 740 455 744 136 777 841 266 972 851 982 792 955 159 
193 962 167 616 750 276 341 350 
480 608 964 196 319 487 520 714 366 498 661 374 957 286 831 
280 578 394 522 938 876 178 466 980 629 665 600 857 59 604 638 
610 579 612 290 423 586 970 396 142 304 432 21 150 830 
34 550 701 297 745 649 44 335 47 912 723 404 919 218 507 221 414 127 
3 388 680 841 170 493 623 271 181 886 23 344 986 347 
192 482 388 837 454 553 554 686 782 690 594 471 536 569 446 
901 391 551 172 240 912 850 595 659 918 985 
262 775 270 401 149 22 535 438 823 447 960 710 80 340 469 852 349 890 639 
256 161 932 517 872 137 74 906 11 781 941 176 563 117 982 
963 707 295 536 780 844 944 853 504 314 411 892 733 
775 777 532 407 545 929 812 175 329 461 465 850 854 983 100 869 238 501 122 
131 810 428 236 877 210 562 530 534 60 285 606 735 
385 707 100 293 999 746 46 303 751 79 272 788 985 351 
256 647 521 19 662 793 30 165 679 302 46 312 952 708 75 80 217 858 870 103 231 887 254 
640 139 652 794 936 938 558 562 179 822 964 330 974 335 464 81 605 993 737 247 379 
258 389 645 9 586 43 178 914 187 159 
897 3 329 426 429 207 688 945 881 883 767 87 25 414 63 
162 963 260 679 44 397 622 177 820 310 187 763 
483 554 844 462 661 376 382 
868 228 901 198 654 47 240 978 979 818 
705 420 872 317 10 554 395 333 368 400 786 379 340 535 187 957 926 
320 613 741 614 423 935 969 205 143 400 465 692 
288 352 899 932 548 291 263 904 296 297 972 337 95 
224 33 771 547 195 762 295 393 618 436 565 185 698 27 508 61 
266 780 911 276 798 936 172 431 944 693 194 584 345 474 95 872 363 877 892 639 
227 164 741 167 797 908 781 461 973 303 528 119 373 246 790 986 125 158 
738 230 935 683 43 655 369 531 659 415 
354 36 935 106 876 15 84 854 887 795 
768 836 453 295 778 364 142 113 466 530 628 982 854 696 90 
648 530 790 407 30 543 416 545 294 43 51 191 195 969 715 596 366 881 115 379 
777 150 23 573 829 445 446 973 466 210 723 850 598 342 347 475 351 493 752 
481 386 867 739 136 41 59 907 171 751 944 149 502 823 379 220 574 
321 482 291 964 710 134 267 44 655 463 559 976 275 979 309 695 730 61 
257 835 389 326 680 362 10 219 687 337 881 595 315 85 539 349 
642 262 276 160 674 34 165 557 186 453 199 221 96 225 614 233 503 888 639 
263 778 144 274 411 155 414 429 433 179 694 443 444 577 869 619 876 753 504 
832 867 68 485 134 199 264 415 364 237 462 47 592 977 90 635 413 763 
640 385 454 8 681 568 361 682 42 138 43 493 721 629 536 729 539 509 
521 522 780 144 273 787 533 30 816 951 573 447 593 981 476 504 622 632 379 
256 138 788 930 931 426 300 429 60 830 581 840 330 207 740 358 618 109 499 
1 418 771 548 966 614 808 650 747 685 176 20 436 126 478 
32 928 322 923 391 74 13 654 180 439 856 762 91 605 
450 515 228 741 773 424 713 457 202 397 607 336 881 793 379 318 127 
577 841 298 562 850 594 819 852 438 311 343 
775 520 11 530 799 672 802 421 429 942 307 57 829 959 321 846 857 96 363 750 887 
97 326 390 264 329 585 331 395 496 337 273 595 149 789 22 282 892 158 
98 610 345 105 971 492 909 943 209 594 788 117 311 440 249 88 60 221 
636 417 612 807 969 234 144 211 278 22 634 444 895 
675 198 457 555 315 563 884 211 824 858 155 605 
768 904 278 283 678 684 556 579 454 712 593 341 732 480 229 998 872 616 875 629 
32 516 294 904 493 816 29 947 245 437 157 253 378 476 829 319 
417 101 326 70 39 423 519 523 689 85 757 184 349 222 
32 834 642 905 463 752 177 144 755 435 560 568 185 124 925 253 
64 224 165 390 584 521 267 971 526 975 432 17 920 313 254 767 
163 518 138 15 527 274 435 856 822 88 283 574 511 
771 4 394 618 748 428 751 145 437 790 761 62 351 
134 138 918 414 800 422 815 434 564 438 450 327 199 845 726 375 739 485 494 503 506 
516 287 296 521 330 942 241 658 179 980 305 404 919 958 218 158 447 
352 321 865 458 491 619 44 236 909 783 977 690 949 470 
384 578 610 100 549 376 345 11 632 812 173 728 784 375 888 889 511 
353 259 26 266 716 237 182 889 570 412 413 222 
167 680 715 619 110 527 348 981 919 347 540 
705 98 899 100 807 487 871 13 690 212 950 310 56 861 
33 706 771 100 936 778 12 720 50 468 983 860 414 
776 622 910 593 370 753 120 921 
673 387 707 234 335 785 497 119 182 599 824 473 88 924 415 
35 228 675 166 138 813 461 238 622 367 751 19 116 918 759 443 
674 964 165 301 209 561 918 217 90 412 
1 454 487 648 441 589 848 913 563 276 504 505 762 765 574 479 
291 268 237 240 785 530 688 150 568 571 668 
12 531 276 790 167 941 558 946 570 317 193 961 837 76 845 462 210 345 602 113 123 253 
641 293 358 454 711 71 695 679 554 875 716 46 240 756 214 311 185 989 
417 71 328 172 237 628 181 148 697 955 220 699 639 
418 555 492 620 465 497 851 914 984 926 863 
256 65 834 964 970 590 658 757 342 152 990 31 
134 230 678 904 76 110 878 526 81 817 403 221 958 
705 130 678 262 138 369 763 
322 388 68 228 486 169 282 910 112 19 595 87 730 250 286 
96 480 643 10 522 747 908 685 142 850 630 30 218 443 158 
328 904 396 526 442 880 402 948 982 150 344 634 
263 393 397 145 922 539 812 432 566 188 573 963 77 212 469 97 610 869 231 744 622 880 122 
321 994 258 868 325 176 785 536 441 762 
833 226 37 229 326 567 140 339 916 501 503 952 
832 225 642 868 621 525 49 82 248 761 127 
70 842 335 783 753 787 727 856 699 191 
385 605 934 584 621 974 527 144 113 402 381 727 665 91 509 571 895 
471 963 460 878 719 815 498 403 628 884 215 216 
517 264 523 398 527 788 281 677 169 185 572 712 463 209 223 741 491 631 252 
480 929 546 35 471 966 998 39 407 91 
898 905 788 281 546 43 687 559 945 181 565 60 965 462 335 105 238 373 890 255 
289 485 38 806 12 844 942 112 347 115 404 757 501 119 409 987 765 
223 650 459 524 301 493 911 753 87 956 413 574 375 
417 395 178 626 915 50 276 439 58 
737 196 548 580 996 134 716 496 176 564 950 887 24 857 157 766 
256 228 517 100 484 294 583 586 560 182 829 958 159 
2 259 444 133 6 678 904 92 496 852 598 982 316 89 410 347 279 863 
832 608 418 610 964 165 806 651 491 716 367 691 216 281 956 477 414 671 
832 427 76 589 591 946 563 370 122 605 542 
193 34 803 933 645 456 905 727 74 473 842 843 749 529 342 502 697 
448 100 996 709 326 359 487 456 200 203 46 753 882 691 214 
130 739 359 775 840 747 236 17 146 212 500 30 760 894 
385 484 617 427 974 188 858 315 924 
97 418 834 259 869 701 872 271 830 274 51 212 117 310 634 987 221 731 
611 344 709 553 844 879 689 307 853 597 119 120 990 796 510 
159 960 643 7 488 298 526 143 145 562 854 87 56 889 90 574 799 
896 164 101 649 301 50 982 150 249 603 860 445 
736 898 612 10 716 461 944 211 659 764 797 
451 5 774 360 744 584 492 876 207 305 882 563 59 254 
229 297 399 47 146 19 403 501 662 411 446 
385 196 292 358 102 199 967 956 368 690 627 754 19 821 284 923 572 604 
800 769 648 176 561 188 51 985 508 477 351 
736 121 706 939 44 398 814 783 881 146 692 148 501 119 857 122 699 572 
736 834 68 967 904 797 267 336 468 411 253 
515 419 868 1000 441 526 144 944 946 213 278 951 280 729 190 
135 395 532 795 549 295 425 45 687 559 177 61 453 78 597 213 727 485 241 122 
416 321 480 163 355 842 266 652 748 271 562 83 310 24 953 539 510 
226 932 292 136 751 596 984 734 
608 577 838 106 874 366 559 18 725 824 954 286 
306 501 629 443 857 603 
387 910 143 656 659 20 926 44 944 179 964 970 719 851 865 98 752 112 255 
900 453 165 262 743 623 783 690 467 951 314 507 540 
513 870 905 426 268 396 16 176 341 245 856 249 250 859 988 
864 960 770 867 771 483 742 199 263 320 845 309 22 538 188 
635 682 554 593 856 405 984 120 153 475 509 
768 806 298 971 335 528 915 23 630 407 856 220 158 159 
482 484 101 327 455 616 169 976 468 565 22 727 218 254 
993 995 132 231 714 362 621 719 819 118 793 697 988 671 
640 900 390 742 808 777 813 661 54 504 889 730 539 318 895 
774 429 976 18 947 818 725 243 885 349 
544 679 905 427 849 149 566 668 
225 418 226 67 260 517 551 73 105 557 337 465 113 952 348 93 926 
836 325 644 999 905 302 209 340 278 410 444 
291 503 421 966 328 936 816 241 862 467 117 662 118 952 89 221 798 
272 284 698 830 322 453 582 333 720 214 599 93 352 228 997 234 238 498 755 375 
439 3 644 805 518 551 520 492 48 176 531 84 631 664 442 88 
513 163 840 363 717 910 15 431 884 308 821 442 
356 138 907 652 525 334 750 305 17 819 817 277 246 57 795 700 543 
382 327 297 716 333 464 657 754 147 408 633 538 158 
704 833 292 136 968 232 717 946 50 85 759 281 795 188 830 
389 422 903 715 145 659 53 443 760 315 
800 480 610 355 258 324 322 328 426 683 45 526 207 181 952 698 412 509 
64 837 423 136 472 779 717 349 51 245 951 24 473 26 347 764 157 511 
322 836 742 328 362 842 269 882 344 473 506 
291 867 236 654 594 306 246 952 893 190 286 
193 995 808 522 332 346 140 972 236 686 787 371 116 471 504 890 61 
66 899 293 357 713 777 394 973 176 115 503 184 953 375 
196 294 167 776 682 458 138 651 621 373 54 471 280 56 924 221 
386 838 519 710 486 167 460 140 847 697 343 760 569 953 92 
194 166 806 392 426 11 972 686 782 590 432 147 148 343 957 
32 385 131 68 741 777 559 592 210 697 821 22 886 217 766 
65 449 97 865 932 677 428 591 976 944 371 467 852 502 251 573 
289 808 72 170 108 717 304 211 948 249 57 
675 612 869 76 721 786 435 694 351 
390 939 620 302 430 601 689 210 211 147 847 310 30 600 185 176 574 927 
963 330 365 877 654 47 401 752 180 820 596 981 57 538 699 925 542 
832 804 70 351 842 586 876 558 529 729 991 511 
834 37 421 42 684 430 562 405 758 922 
800 648 877 562 467 213 184 671 
416 801 384 6 7 487 551 201 365 687 783 881 179 502 665 218 63 
128 516 784 281 681 307 823 312 953 698 701 574 449 720 723 853 987 107 108 752 241 
750 884 565 438 214 603 223 
521 530 402 27 669 801 673 420 822 695 702 73 335 852 473 91 861 98 102 744 240 243 121 
286 937 683 427 813 558 956 964 455 200 717 986 226 614 491 115 887 888 639 
256 513 387 391 423 490 783 210 19 594 24 250 158 541 510 991 
576 678 968 331 370 499 628 346 348 
418 835 964 451 645 743 583 967 521 938 587 813 530 181 634 90 
742 488 299 875 621 624 882 20 441 986 
546 836 998 495 49 757 855 636 797 926 127 
800 549 902 424 395 155 208 944 926 500 503 378 891 894 
356 836 677 428 717 560 401 274 113 437 798 
993 962 330 202 779 44 236 557 941 881 686 814 596 959 
129 986 388 328 776 553 522 366 977 817 403 435 83 758 990 729 90 894 
672 449 674 454 651 491 172 877 110 623 849 948 597 22 473 314 
258 548 870 198 712 684 44 497 658 212 665 378 
896 609 837 6 679 328 211 373 597 405 24 251 636 253 
297 138 970 429 82 917 661 376 825 510 
194 684 528 944 627 
966 73 201 843 686 207 283 848 82 120 985 794 507 830 
795 130 260 70 457 714 843 940 814 436 182 822 504 155 254 383 
160 321 201 727 43 498 467 52 213 278 663 345 62 383 
513 802 226 545 806 134 298 441 587 948 88 601 925 
387 741 796 328 8 264 714 267 588 176 785 636 926 
928 484 37 36 262 712 590 400 370 916 534 855 152 537 891 988 381 447 
352 991 296 337 945 23 312 538 411 220 63 
781 624 754 628 984 
672 97 421 139 365 813 557 80 532 277 761 796 223 
324 746 144 18 467 596 886 376 125 
98 707 612 836 839 876 204 410 149 118 698 27 988 93 574 
449 323 196 742 167 488 170 75 77 209 244 567 188 670 
768 3 651 268 525 918 923 798 419 804 172 316 703 706 969 715 92 358 491 753 124 
736 35 358 104 714 554 586 208 755 664 793 314 795 
96 994 900 421 585 618 747 844 621 944 596 662 631 185 316 
800 513 676 773 171 687 177 499 660 694 663 666 
163 742 137 366 176 82 371 435 91 
611 644 229 360 651 779 78 178 148 21 959 
896 513 197 360 10 395 684 588 658 979 825 766 
451 964 452 677 294 327 872 144 562 341 86 863 988 95 
161 453 421 796 845 758 312 921 988 
739 197 7 872 232 74 555 684 893 528 145 93 
483 140 757 949 58 61 
642 901 71 777 169 748 653 141 239 849 284 54 214 476 191 
448 771 389 581 775 746 874 782 430 912 145 242 213 501 26 507 157 318 
384 650 792 808 939 813 176 179 180 704 328 207 473 347 609 610 623 124 639 
867 584 250 234 752 978 244 84 120 186 253 
353 387 101 680 782 881 562 916 21 214 982 696 827 279 311 638 
35 199 759 139 268 652 557 334 602 214 855 506 923 
32 97 419 131 287 76 976 627 853 410 475 763 
232 574 779 267 907 302 206 926 956 478 447 
324 870 902 204 781 468 918 534 856 377 762 826 
641 482 195 37 840 459 813 752 755 116 182 408 793 91 
248 771 483 6 392 845 493 750 22 536 985 890 893 767 
106 490 938 715 782 882 820 54 631 507 636 637 
290 931 26 618 911 497 500 471 282 539 31 
161 551 807 365 211 793 29 
418 899 355 581 7 455 263 393 266 460 556 78 625 723 467 469 955 
257 450 454 486 934 263 523 845 336 146 564 277 23 314 923 222 
674 706 419 546 612 453 550 327 811 848 946 181 374 567 920 921 219 29 
900 647 652 153 27 667 799 35 932 166 294 691 837 713 718 986 745 362 239 763 
795 833 225 645 454 903 363 145 690 466 342 411 
354 523 13 686 142 22 632 923 92 605 
198 742 299 430 783 528 85 918 247 954 317 319 
388 711 41 747 473 271 81 338 894 405 726 537 858 349 478 
135 776 746 74 716 461 238 144 625 372 565 888 603 348 285 958 
640 866 580 165 102 200 234 940 50 884 725 22 855 348 
128 35 419 995 421 364 623 208 304 371 756 311 249 764 927 
35 36 516 997 71 1000 458 428 524 685 369 882 881 661 569 735 
641 289 388 965 580 809 556 366 591 825 86 279 537 826 
260 644 389 135 8 393 143 679 555 684 178 56 953 577 848 338 728 89 734 249 
609 66 616 714 45 461 589 46 785 624 243 560 952 190 831 
14 662 937 815 433 308 309 950 61 962 67 322 709 457 969 83 221 223 122 634 
577 833 131 292 230 7 360 872 715 944 658 467 756 85 124 734 
453 775 8 841 74 749 882 115 755 596 917 118 216 411 860 
576 996 359 615 724 789 692 599 
896 771 796 7 681 458 140 944 722 884 348 696 860 95 
997 47 591 663 730 
672 321 323 264 783 209 625 435 341 664 30 
512 608 100 36 580 710 967 138 202 239 431 913 341 222 126 31 
392 403 803 548 426 566 956 454 80 593 856 90 733 606 231 233 494 245 501 380 
907 16 915 20 150 408 542 414 931 168 942 561 338 601 731 478 994 357 742 359 378 
159 631 168 749 81 275 471 824 666 219 343 799 
128 226 995 423 615 813 430 912 593 274 244 213 251 412 510 
674 354 229 72 425 330 186 810 618 236 942 720 880 852 855 409 506 
578 322 541 8 74 170 780 943 882 735 212 444 61 990 191 
226 869 553 649 714 812 508 848 498 220 150 119 92 574 
129 233 874 141 237 975 816 115 51 117 917 501 858 635 
65 867 931 775 647 907 338 147 20 347 342 119 91 349 831 
516 647 142 548 424 565 438 964 580 588 205 853 726 735 355 232 107 367 246 758 
40 968 394 347 147 212 155 
224 257 68 869 454 567 717 847 849 785 946 53 246 438 408 959 858 479 
321 66 229 456 632 268 364 876 653 365 880 920 988 349 958 63 
770 399 532 535 410 411 433 569 316 960 838 841 848 726 96 99 490 625 756 
194 259 484 229 376 7 841 747 75 589 696 782 917 952 120 858 347 671 
674 358 935 138 523 555 652 238 824 884 84 725 535 216 670 
517 294 520 553 10 588 205 335 560 127 799 
224 384 67 871 72 875 971 429 110 719 783 241 148 695 152 666 732 
96 549 37 422 28 13 270 369 113 563 534 406 54 188 767 
129 709 6 102 550 999 329 138 813 178 533 790 440 442 443 380 733 
896 673 736 776 73 233 397 240 944 530 147 373 726 375 184 729 282 155 
609 229 645 583 745 426 683 779 335 688 368 339 760 636 
128 352 964 839 903 456 584 684 270 879 816 913 880 19 822 185 252 
706 773 999 40 267 590 79 368 753 594 916 797 606 
33 545 677 102 359 488 426 331 14 846 401 470 888 446 223 
609 166 998 488 425 233 171 563 470 669 959 
612 356 614 809 395 366 175 466 564 854 537 122 571 126 
954 353 928 256 41 346 397 142 570 981 150 181 757 56 350 383 
580 101 550 8 842 554 781 910 595 310 407 
832 257 996 351 811 317 159 
382 164 263 71 523 908 14 273 727 954 316 158 
651 538 809 180 567 825 195 70 715 973 211 856 344 92 734 738 100 112 880 507 
928 163 390 71 72 426 842 75 272 880 948 276 539 702 
318 743 552 72 715 365 639 703 661 663 123 444 925 510 159 
448 833 33 449 706 803 710 332 143 722 628 758 279 314 
322 933 422 550 973 207 785 913 692 22 631 475 637 
321 962 931 549 6 839 135 714 362 458 657 177 52 694 54 473 347 95 
930 764 742 199 510 778 13 78 31 146 629 278 311 569 220 94 286 
517 581 486 424 296 682 717 494 243 693 214 855 665 635 317 
518 455 683 686 48 817 51 499 
705 170 210 916 569 
353 386 322 260 762 796 167 623 431 402 471 441 890 508 510 
386 966 680 809 714 43 427 269 366 978 818 852 245 469 26 287 
930 659 438 184 377 319 
673 450 705 901 261 326 615 649 621 818 309 121 123 383 
192 33 738 516 487 521 395 587 235 464 433 345 572 
676 669 235 652 143 432 465 275 916 565 727 952 221 414 
33 483 804 9 201 751 175 178 244 788 408 793 186 
514 10 148 536 30 39 941 818 439 332 852 347 354 869 360 499 377 124 766 
290 35 741 8 73 791 304 471 408 250 444 
768 357 584 137 235 302 142 949 535 888 986 59 605 
131 710 652 781 687 911 591 690 979 243 85 55 727 858 765 734 991 
898 907 15 399 409 815 51 695 60 703 962 454 967 988 356 868 497 376 121 636 
387 133 390 916 20 417 290 36 814 818 833 452 581 839 467 221 611 999 239 881 754 
832 769 255 376 358 429 784 657 563 344 249 316 575 
352 33 801 453 325 326 970 266 12 108 696 14 145 661 214 600 29 
544 225 384 804 806 1000 810 12 653 957 815 16 340 888 409 506 445 
934 651 332 141 49 465 661 150 568 
736 679 264 839 458 204 982 918 985 542 
674 354 132 900 390 102 366 410 499 660 84 949 856 634 446 
865 579 387 359 270 686 784 703 852 181 951 344 539 988 894 895 
998 1000 266 75 907 684 556 461 111 464 532 87 317 444 925 
642 291 483 388 133 777 590 372 345 187 764 573 
128 291 100 27 751 720 241 501 793 25 251 700 
322 899 291 6 486 751 145 20 959 733 191 
1 98 929 899 870 391 520 333 46 462 976 24 729 
9 234 907 171 908 975 278 506 123 
393 10 268 273 150 278 22 920 922 35 555 309 182 569 314 575 978 346 99 234 619 
7 527 400 658 277 663 426 307 564 702 63 452 79 89 474 92 235 113 627 
770 9 525 274 403 930 953 957 192 963 198 80 342 991 96 482 996 232 235 369 753 383 
6 791 26 165 680 816 561 184 185 79 208 473 347 219 224 608 359 621 622 113 
398 913 663 796 298 938 427 815 52 973 339 86 347 607 743 872 105 755 383 
577 439 231 681 428 494 495 274 627 436 467 599 637 
932 228 390 523 558 367 690 924 
712 553 13 46 656 692 20 694 917 376 313 667 
65 2 451 355 742 305 530 114 595 666 699 959 
160 672 642 322 100 68 933 454 230 775 892 398 150 470 283 124 
417 997 998 712 395 815 784 369 820 25 509 798 
864 382 43 734 625 146 564 660 852 854 442 987 343 
262 775 103 776 523 855 529 306 756 917 919 568 286 
640 609 322 423 680 266 623 946 947 790 375 857 154 794 667 
323 931 37 452 69 136 936 492 365 702 623 949 923 253 990 703 
486 615 394 716 492 429 493 433 628 309 149 534 182 543 
192 100 740 901 581 647 936 232 137 939 76 48 722 595 53 888 735 
897 516 293 272 400 786 500 52 343 569 379 
672 773 262 902 678 170 109 401 49 887 218 413 
768 899 741 6 775 752 593 146 404 117 252 281 188 381 702 
965 261 773 998 938 12 269 654 366 15 29 20 725 697 924 445 222 57 
511 909 16 531 535 23 555 428 568 66 603 220 109 239 113 884 503 126 255 
448 644 100 228 229 294 523 45 941 175 943 23 598 854 447 
264 14 532 22 156 31 675 804 810 686 822 568 193 840 73 332 996 228 620 117 766 
96 771 518 424 684 973 142 50 628 85 534 854 215 731 279 890 
68 324 327 840 520 552 553 298 205 79 851 788 629 853 535 119 
131 265 275 800 292 44 692 954 707 841 335 730 859 748 236 498 245 119 766 
609 579 646 935 648 649 733 883 821 566 793 409 762 93 159 
416 471 643 102 842 618 267 526 943 500 21 87 569 636 989 
769 418 573 773 518 902 391 776 746 813 81 626 307 982 24 538 893 
96 1 994 931 225 249 646 209 855 153 893 253 159 
588 972 367 466 756 406 630 758 222 
325 935 393 937 587 686 277 149 408 
418 874 919 657 339 147 182 246 93 
232 970 11 620 78 208 721 220 598 347 508 
5 647 916 150 406 413 159 32 429 435 953 317 960 320 840 217 993 869 250 
675 644 583 263 20 822 121 989 511 
98 198 521 748 879 943 144 978 213 918 56 
64 770 963 647 364 556 206 728 561 917 118 152 987 668 127 
544 608 420 39 938 11 140 638 814 271 400 48 339 309 953 221 606 
864 768 773 677 936 810 74 940 398 910 975 560 627 243 915 535 605 
646 17 146 538 29 925 418 945 698 827 976 86 733 357 102 999 882 245 122 
485 779 587 113 895 345 26 511 
520 146 533 280 545 549 953 574 833 200 203 204 721 723 87 90 991 361 108 882 627 755 895 
320 161 232 977 152 63 
318 769 642 133 297 77 15 496 404 21 726 862 
320 225 3 133 486 170 779 367 15 691 596 189 574 
774 394 526 39 680 552 45 302 47 560 179 58 318 712 207 978 987 365 245 632 251 
320 162 995 228 485 549 679 457 682 108 78 305 502 536 697 90 222 126 
611 325 42 141 909 600 507 
866 935 297 269 13 367 784 913 338 628 214 476 
448 774 39 940 972 431 784 793 25 794 124 605 766 604 
133 276 541 413 935 554 683 558 47 815 695 567 442 729 750 241 114 889 251 636 
516 901 149 667 691 442 190 963 476 736 97 870 872 362 750 624 113 756 632 767 
7 335 244 437 856 541 
611 573 520 777 233 362 202 266 748 685 943 850 660 980 758 312 189 
168 938 907 653 146 179 511 
674 67 35 228 711 296 426 140 173 239 143 49 529 80 948 950 186 477 
481 258 165 103 552 968 521 618 332 77 687 847 945 86 569 538 989 95 
898 786 402 277 428 812 687 559 945 818 194 198 584 845 335 233 747 500 247 
229 6 584 137 585 426 652 492 81 881 340 629 215 475 279 
291 803 614 903 493 735 948 853 532 669 479 
264 15 409 693 441 707 205 462 975 339 87 474 221 355 356 102 245 510 255 
954 64 4 549 838 956 203 174 306 534 278 570 92 413 
323 428 398 367 243 723 858 859 668 735 
516 260 965 424 746 110 176 625 18 693 822 696 154 251 
96 610 354 454 871 872 42 652 364 301 822 374 572 
134 782 142 720 145 275 340 630 758 699 
225 322 132 69 846 370 88 541 
163 164 324 614 814 115 147 500 118 631 888 443 508 286 
547 739 424 520 170 491 171 587 44 204 45 848 148 950 826 827 670 
3 645 742 903 652 716 83 821 374 987 
544 517 37 806 998 359 478 845 882 531 309 725 440 923 380 62 
453 940 205 110 847 304 433 947 213 693 920 858 475 733 991 
900 37 743 424 9 76 110 142 431 209 338 784 664 890 187 124 989 
384 322 547 391 44 620 349 575 246 30 600 604 637 574 127 
646 654 656 23 922 32 163 48 179 577 328 73 975 980 614 231 104 623 113 
318 513 96 204 45 14 145 533 990 951 190 286 
352 770 963 732 828 556 814 943 337 498 83 661 885 823 952 88 763 216 
6 550 409 83 179 277 950 375 792 121 926 603 828 25 
321 583 302 878 433 850 113 571 93 
130 644 869 8 108 589 273 660 790 24 313 602 924 
737 930 516 549 421 518 167 616 264 298 236 813 462 367 79 463 
451 383 108 528 17 531 307 469 182 726 376 765 927 
833 299 43 879 784 593 212 761 155 797 
134 105 394 138 540 51 915 220 470 598 61 153 90 443 156 311 350 
416 99 869 390 476 617 649 16 914 439 763 444 285 
864 802 707 808 142 815 785 179 119 729 607 
769 776 271 930 942 304 954 700 192 452 68 836 324 841 458 96 867 488 756 117 
482 866 581 745 714 591 592 336 176 531 820 183 411 988 733 414 
582 510 841 457 42 586 44 108 461 528 213 862 
928 578 419 741 454 774 902 112 344 187 924 829 
418 515 741 937 460 589 494 722 981 54 57 
32 605 166 454 70 681 905 106 429 27 829 
131 901 160 38 305 948 566 183 312 69 71 714 843 985 730 91 351 96 353 740 744 240 634 507 
835 67 487 521 59 910 590 80 849 626 500 310 86 920 57 155 671 
577 193 705 225 67 870 679 333 111 48 211 823 795 349 
644 138 522 908 655 545 40 692 693 960 706 328 968 204 206 598 732 477 378 379 
65 678 203 940 749 111 912 51 54 
2 483 195 707 108 368 241 789 566 920 959 794 191 
481 164 613 997 168 362 202 267 277 535 312 827 
192 451 805 294 492 974 911 208 564 917 831 799 
737 770 935 10 123 843 332 242 564 152 410 859 798 763 
641 289 835 547 675 742 198 456 201 11 75 17 114 533 181 
164 838 363 623 463 368 338 181 443 797 446 
384 610 740 484 204 974 18 819 498 467 348 183 249 188 
97 514 67 546 931 966 551 456 552 777 492 879 881 83 21 856 90 861 
67 291 869 549 233 843 588 28 845 47 657 148 86 157 539 188 477 
320 969 11 45 78 687 242 754 439 921 219 156 861 158 
512 263 268 14 526 539 159 690 190 833 962 963 203 460 462 463 849 216 736 868 998 885 
407 288 100 678 201 845 143 497 18 22 727 219 636 413 
260 902 266 12 400 410 927 415 426 172 703 449 458 217 481 869 1000 105 748 880 245 
416 695 810 459 378 271 49 851 595 533 182 311 154 
582 615 456 138 205 276 917 340 569 763 766 
192 225 866 907 338 115 851 884 767 857 954 571 414 511 
644 517 782 534 675 549 556 693 444 701 193 67 326 716 473 755 758 631 638 
34 708 870 518 614 167 493 887 500 246 374 888 221 541 190 
353 773 741 842 364 301 622 595 663 184 314 638 
902 39 842 653 175 381 575 
705 676 516 324 923 987 237 148 886 697 890 794 604 
583 843 812 724 373 821 213 284 508 190 
899 452 197 618 587 908 269 14 754 958 886 478 
34 645 906 563 822 983 666 638 95 
776 808 907 607 655 657 753 85 665 538 668 63 
640 515 389 19 670 672 427 684 831 321 451 457 346 864 481 868 872 237 752 500 
1 642 262 745 268 429 943 274 789 917 855 792 412 892 63 
739 134 136 139 523 46 275 597 150 280 
128 321 762 484 732 39 616 621 142 687 464 308 348 151 634 892 317 375 
64 545 673 296 525 16 818 831 415 
344 196 229 774 582 747 619 400 17 978 370 182 950 600 443 
928 449 256 36 773 837 454 490 719 400 210 787 695 569 826 414 
864 647 775 42 190 532 629 380 926 95 
225 289 996 967 520 458 595 248 56 
289 357 966 938 363 44 524 814 110 431 754 254 341 695 152 60 798 
514 259 263 907 534 542 679 938 831 69 204 473 605 354 611 867 484 882 500 
771 644 525 784 539 161 294 557 302 687 690 309 184 189 62 592 721 599 98 491 621 493 
448 33 2 614 103 301 751 143 81 338 849 178 464 121 122 157 894 
352 962 226 804 613 293 103 935 104 394 300 657 307 565 54 702 
96 961 67 199 383 814 690 244 247 761 634 251 637 159 
772 101 68 71 663 168 396 976 689 83 502 887 926 351 
320 289 546 36 452 260 391 937 265 714 554 754 51 572 
992 131 644 229 202 139 44 76 527 817 599 443 700 510 863 
481 66 578 649 202 779 496 176 501 571 
449 673 547 8 137 523 205 16 113 402 114 880 247 860 669 
384 833 449 99 97 471 550 329 395 555 204 47 308 853 983 793 797 670 
930 610 934 364 346 269 272 626 55 184 474 539 476 413 222 
769 578 869 905 251 239 143 19 245 471 504 250 891 828 
827 514 675 420 354 870 968 650 653 557 15 369 407 731 188 31 
385 68 583 873 496 401 50 17 561 439 696 
544 866 994 804 876 277 214 728 829 958 
544 423 813 301 557 720 433 59 
32 993 257 582 999 297 905 526 335 367 498 884 180 250 28 253 287 
323 294 39 679 586 459 14 339 563 789 921 123 222 
517 395 523 397 18 533 23 291 36 553 45 820 181 64 472 729 858 604 477 107 620 630 
420 535 588 973 951 504 410 989 
641 419 709 357 648 363 11 44 76 598 151 57 253 
101 72 635 702 17 735 531 820 380 537 923 188 989 510 223 
550 742 440 812 687 529 146 691 990 696 441 284 126 
867 900 134 615 840 331 684 876 82 627 948 345 
290 707 774 646 712 250 651 814 721 722 245 918 822 506 158 
865 249 903 363 887 188 596 983 857 379 985 412 
261 198 454 263 906 843 300 334 628 23 406 599 696 24 986 767 
708 902 680 872 813 688 307 438 347 831 
5 970 12 432 381 
864 129 454 40 297 651 523 460 141 48 144 83 980 695 539 153 91 
68 1000 716 45 111 143 241 978 212 859 606 763 
160 384 66 765 651 749 877 400 181 91 669 
961 194 392 618 108 174 624 852 53 757 791 312 831 
929 294 839 331 750 304 658 308 469 759 441 
481 901 613 839 361 938 823 13 849 787 692 439 574 
870 264 457 201 781 815 175 785 656 980 537 26 
994 408 391 199 168 940 823 750 465 818 82 146 275 407 312 313 638 
