500
309 
132 230 205 398 241 53 312 411 92 
33 419 210 404 92 318 127 
178 443 13 483 
264 396 366 303 18 306 440 219 
488 43 351 
416 289 204 376 24 478 
71 75 395 399 497 116 213 245 406 
161 483 75 498 247 
73 12 399 156 188 
480 97 353 167 232 234 78 499 53 447 
259 132 10 463 212 285 317 221 
228 4 456 400 404 53 
482 226 486 169 489 491 178 211 
186 
82 253 106 
161 135 423 303 383 
5 293 271 347 22 56 379 414 63 
496 64 176 
162 455 232 172 304 148 85 
320 69 41 396 336 433 338 343 31 
169 18 247 440 90 
99 72 491 366 272 279 248 31 
35 7 234 280 218 
199 456 276 473 378 91 348 
32 195 452 70 455 392 79 283 278 251 127 
226 366 209 273 188 286 
320 257 325 50 31 
242 
211 300 87 
229 235 174 495 369 468 21 23 346 155 28 63 
139 438 407 26 415 
216 178 3 149 
449 102 262 336 176 435 186 
24 51 469 415 
448 388 366 143 48 309 
496 98 382 362 
137 310 479 
450 322 452 165 42 459 269 402 153 282 
72 498 
192 404 373 436 276 21 281 
39 208 371 116 435 247 
387 6 456 234 205 88 184 
425 276 439 472 345 251 
449 498 342 55 
208 386 69 
101 
132 36 236 408 314 
260 295 276 84 377 223 
261 361 493 212 182 377 317 28 285 350 223 
35 260 365 210 187 
83 284 
2 487 169 11 13 366 
377 141 119 472 409 94 
492 45 285 252 221 
66 74 110 81 18 
320 401 213 245 287 
71 73 299 300 81 497 180 
359 
99 262 334 407 445 
74 406 
299 68 
300 18 86 189 31 
249 19 182 
225 292 133 72 395 204 303 
56 196 
466 450 227 427 
290 455 239 145 84 187 62 
46 244 21 281 125 
161 362 337 216 26 316 
130 8 363 398 345 58 414 
65 40 138 427 174 207 274 23 442 412 127 
162 58 101 105 10 302 206 154 92 447 
390 393 364 243 468 56 412 61 184 
8 89 196 9 
194 
290 108 111 402 243 154 
160 11 136 440 
325 81 338 277 438 26 
321 293 230 363 495 274 212 
193 167 297 79 402 275 56 58 347 
417 261 267 431 16 218 414 
339 52 373 276 381 
68 428 336 49 178 180 213 157 
325 20 406 185 380 
323 165 425 333 398 412 63 
129 390 461 240 278 312 30 
99 359 264 43 143 180 438 
75 156 102 
218 108 22 442 447 
448 486 201 469 279 25 
2 3 73 137 109 273 438 248 185 

209 118 54 313 413 
440 329 428 109 
352 266 437 313 220 
194 486 106 11 272 209 310 
353 259 37 392 393 349 
330 239 112 436 23 88 60 
336 166 
482 73 47 180 351 
34 389 197 345 470 151 89 191 
134 396 272 498 438 
352 257 465 242 435 344 
356 133 327 73 489 303 273 217 
97 195 328 16 350 
480 229 235 174 112 113 468 412 221 
139 77 303 370 90 
385 274 276 470 92 95 
256 261 167 56 159 
352 357 171 77 367 435 415 
99 107 303 183 313 415 
209 226 107 367 
336 253 325 273 
347 140 335 471 
261 8 234 42 236 404 
132 229 198 455 267 280 379 477 254 
192 94 200 
54 
259 453 424 296 427 282 
456 265 267 271 182 345 
224 480 291 259 457 470 
288 249 492 
273 415 
69 136 395 180 469 
490 399 
449 257 3 72 139 268 237 26 316 
137 178 
161 482 483 87 
134 71 337 178 500 213 376 
320 481 465 438 380 286 
257 482 2 12 301 303 48 117 383 
65 105 233 332 432 274 181 411 318 159 
130 404 197 103 
393 363 141 335 283 17 411 
199 427 493 78 215 472 281 125 
128 228 38 296 282 92 145 153 154 347 476 
72 262 
32 446 454 234 108 173 332 369 241 381 318 127 
161 115 372 325 
135 277 54 231 
380 490 372 
36 294 230 173 431 432 304 307 88 
272 497 370 219 
352 483 68 137 496 498 310 
199 426 314 173 398 402 218 
423 487 395 303 190 
201 171 20 
33 258 
166 273 498 372 405 157 415 
388 102 362 342 220 415 
201 237 178 371 185 
201 137 253 39 
326 73 137 77 367 469 220 
391 263 178 467 277 31 
321 195 168 360 10 205 432 368 89 346 
288 162 363 175 432 84 341 150 218 
359 286 183 
133 299 204 110 245 
434 267 78 199 
129 451 70 9 140 332 398 17 468 471 184 222 
352 73 171 20 157 
418 173 369 305 346 347 
384 202 341 
266 242 86 39 
256 193 100 243 150 
359 11 110 81 380 
156 388 405 231 
296 14 175 240 239 339 53 22 345 252 319 
391 300 301 440 284 
162 422 232 111 305 148 436 
358 329 20 310 190 
163 388 139 143 146 
423 72 107 204 31 
289 262 486 169 490 253 157 
34 361 402 19 278 410 447 
325 208 180 279 217 
128 33 130 4 424 234 267 155 14 436 84 152 251 221 
386 395 
101 492 177 84 470 88 58 125 
203 133 
64 449 303 464 338 50 183 121 
390 233 394 112 305 182 410 158 
161 325 488 266 74 43 279 
453 430 276 85 408 92 152 
34 229 295 205 239 15 282 
257 51 68 383 
256 261 233 10 307 27 
369 474 430 63 
227 331 172 147 499 
449 102 266 336 498 213 478 
41 118 
358 166 428 81 273 253 
97 417 76 239 
106 204 435 406 26 156 
66 326 488 490 75 268 
134 374 443 102 
203 208 117 245 407 
160 289 423 136 272 146 342 25 
326 204 370 213 118 
450 207 148 276 152 153 218 91 414 223 
386 164 
251 181 198 
65 195 390 7 200 281 174 215 345 381 159 
257 2 485 325 43 428 399 186 156 383 
388 73 366 437 380 255 
72 201 497 403 343 443 415 
260 198 42 46 177 212 346 349 
97 228 236 113 276 27 94 
3 264 337 51 383 
369 454 30 14 
491 12 80 433 50 208 342 382 
130 200 393 8 461 431 84 276 215 312 57 252 191 
289 268 303 306 374 
449 386 136 204 338 371 213 445 
33 70 295 346 347 
418 228 105 463 431 177 250 315 
388 201 82 146 24 90 157 
5 422 398 144 466 
96 151 154 455 
107 12 178 467 55 380 287 
161 299 366 344 478 
201 238 337 49 50 405 
122 406 
65 457 460 493 494 312 476 
232 361 14 113 410 27 
67 469 343 443 190 
449 137 13 433 209 217 
257 107 337 117 186 31 
2 488 366 143 80 380 
168 392 328 298 141 276 476 446 
226 11 171 273 20 313 
449 133 264 338 183 188 
486 264 11 139 43 178 403 116 24 
107 31 
257 488 48 209 116 500 287 
152 360 127 
345 414 223 
194 99 68 169 395 406 186 
169 309 87 279 479 
329 2 139 399 
290 165 104 459 468 29 
74 77 166 399 
386 69 
322 198 8 297 365 430 408 57 285 159 
385 290 355 261 361 318 
9 42 473 22 
355 92 23 476 414 
64 485 329 433 123 
217 498 340 262 
352 263 329 203 44 178 310 26 475 
169 403 213 55 
193 291 361 175 16 114 280 153 378 
300 367 336 117 479 
369 298 206 463 
352 166 489 110 188 
321 132 229 453 422 104 236 205 463 470 187 28 127 
376 149 366 
448 98 489 491 12 338 120 122 
487 301 208 49 51 
110 82 50 116 246 279 188 
34 355 297 138 459 298 175 308 311 250 60 477 
251 155 349 
5 233 234 332 210 88 
121 362 403 358 
96 165 389 361 463 404 184 191 
160 82 467 178 117 121 
321 196 295 400 402 214 127 
359 39 
491 
325 351 329 303 272 18 340 376 121 443 479 
97 418 422 103 199 271 144 400 23 
193 232 105 298 124 114 150 27 92 
133 72 300 109 80 
481 81 370 469 443 
185 231 41 201 491 44 109 49 209 83 213 25 
368 155 141 79 
176 306 87 26 415 
480 261 360 240 177 23 184 91 
386 486 366 370 117 24 253 
69 358 136 41 204 497 316 
120 137 186 39 
135 359 405 406 26 478 
390 170 331 52 410 347 477 
50 12 245 55 
131 452 422 394 494 27 158 
426 236 402 57 221 318 
344 123 157 491 
199 7 175 214 319 
320 449 481 68 77 242 309 246 376 
122 253 383 
65 451 314 431 499 471 474 414 375 
80 433 338 18 
325 491 143 309 406 
491 268 366 49 216 186 
327 169 137 120 316 413 
81 245 262 
262 231 301 337 273 255 
360 332 62 58 222 159 
418 454 170 274 373 30 58 347 254 63 
323 132 260 422 170 298 427 375 474 381 
73 
65 354 132 5 105 108 271 112 17 147 182 214 378 
20 143 
171 380 163 183 
5 363 468 214 278 476 
143 386 188 383 
310 366 374 262 
1 290 36 420 294 335 240 311 
97 38 172 145 308 251 317 
438 309 382 262 
225 2 213 87 
96 417 421 232 112 94 
48 146 292 
449 489 464 371 217 
70 281 424 296 460 441 127 
50 491 12 310 
3 133 139 401 498 246 287 
481 289 388 169 340 
418 290 131 424 425 21 57 28 
80 257 156 268 
370 245 39 
357 329 301 374 86 
370 435 351 
294 455 140 205 271 79 177 114 404 85 184 28 
196 200 425 369 154 
296 105 492 499 471 408 377 
106 231 
323 172 271 241 249 251 412 349 95 
440 415 99 351 
370 284 190 479 
161 133 264 490 139 299 334 469 376 
86 
466 60 332 455 
135 489 435 115 309 340 
191 34 350 100 457 114 84 21 254 447 
130 229 70 298 210 223 
259 293 233 79 21 182 215 441 
169 83 413 
456 335 271 373 250 319 
491 164 485 157 
199 45 494 397 212 404 151 346 
353 227 389 493 207 21 474 
288 104 436 410 222 
102 71 169 489 44 204 238 121 
483 163 208 342 216 156 31 
163 137 300 81 18 115 216 284 
391 359 437 25 443 
208 329 98 263 
359 106 490 336 50 374 
324 101 6 330 271 432 
96 256 385 162 104 111 145 434 402 471 251 
98 11 491 343 443 
303 
356 262 465 246 407 248 443 
105 378 355 
323 111 
193 265 459 172 402 281 
418 167 158 269 368 369 283 88 59 348 350 
386 299 237 279 156 415 
416 226 266 176 50 246 407 406 253 
452 37 70 421 265 466 151 447 
485 135 71 80 498 306 405 438 157 
74 443 403 383 
51 245 475 487 
258 419 36 5 389 295 230 206 431 308 53 23 280 27 222 
394 111 113 466 154 444 254 
359 500 277 438 156 
255 163 326 359 139 211 374 189 31 
322 324 200 331 108 429 495 144 275 280 
472 42 215 152 315 
142 140 150 
482 41 300 83 340 382 
323 197 369 308 214 350 
435 292 301 
258 290 130 7 332 463 271 
486 327 396 49 50 54 
356 488 489 303 25 253 
449 18 117 
131 420 230 167 142 206 305 85 221 
482 139 204 301 83 440 
37 455 462 212 373 311 409 
291 132 422 364 205 398 17 210 307 471 187 
164 388 
352 401 109 246 
360 202 46 307 179 244 215 280 
489 43 487 
384 36 420 168 460 173 206 404 151 218 414 319 
102 266 366 401 497 343 
74 491 204 87 407 438 183 284 
170 459 474 155 348 
26 98 231 
74 213 98 135 
403 367 286 183 
65 456 8 239 434 179 147 125 
377 21 5 103 
485 342 
161 2 71 146 86 407 219 383 
8 10 205 430 241 243 126 411 414 
272 13 268 437 
385 389 318 57 
352 358 39 268 77 176 81 146 287 
424 265 394 234 364 494 207 466 434 252 
3 388 325 134 41 266 13 435 116 342 
419 421 168 363 494 499 150 283 223 
224 195 294 8 361 239 85 439 283 61 
32 355 420 198 390 422 361 398 442 473 444 411 60 
48 185 245 327 
54 465 382 
226 486 176 183 344 284 
2 483 133 135 488 399 407 
72 329 74 107 86 
296 339 94 
248 388 292 71 201 238 399 82 18 469 440 
32 35 360 457 330 492 207 112 111 150 151 278 124 
361 7 
313 82 478 194 
320 163 359 300 272 435 217 
3 405 366 
388 485 309 437 407 380 
481 362 405 313 443 
257 481 485 171 301 272 407 219 286 383 
199 174 17 147 472 
320 120 178 467 403 440 316 
320 326 44 496 86 
146 287 
67 72 136 491 301 120 
193 205 84 439 95 
496 370 475 
399 245 438 185 189 
292 366 143 82 213 217 
133 143 433 156 157 351 
228 293 432 434 212 21 249 
160 449 352 395 433 403 469 
418 34 324 195 104 42 111 335 404 375 446 
99 487 41 171 178 344 478 
96 420 206 400 472 348 
32 131 390 103 363 430 79 368 495 442 311 88 474 92 446 
428 44 406 
5 424 170 330 462 78 466 22 381 414 95 
338 316 
72 490 465 467 438 407 90 
353 227 4 355 421 197 460 364 207 271 275 348 
367 407 
492 60 215 
485 231 139 491 497 435 438 479 
73 362 11 336 176 90 
259 480 91 36 
191 34 290 228 233 45 315 434 182 215 379 127 
201 67 475 39 
161 292 
26 286 362 39 
120 257 185 
139 300 211 
68 325 334 20 117 26 220 382 
395 43 13 340 121 25 
336 225 122 415 

262 391 358 39 496 242 
225 388 465 443 316 
213 87 
440 482 382 
257 266 12 376 217 255 
315 476 182 
355 131 104 460 409 442 
67 362 334 367 403 440 219 
424 267 442 155 221 
161 74 107 306 242 31 
35 227 154 332 434 275 473 474 91 125 414 
257 102 109 180 122 
352 161 483 292 327 115 383 
423 136 44 371 437 54 
407 491 469 247 25 
292 391 301 469 438 343 189 
480 450 365 429 251 
225 231 137 464 306 248 
490 284 117 262 
417 7 436 283 222 191 
446 38 331 271 240 254 
448 482 107 11 279 122 475 
290 131 421 422 275 319 
480 129 132 101 462 14 373 381 
129 4 9 495 145 471 346 411 

420 422 363 205 397 341 249 446 
97 234 14 175 499 280 377 410 91 
387 260 365 147 436 53 
196 6 230 236 184 378 411 
256 387 259 105 14 335 345 378 315 
350 196 332 142 175 442 477 126 
288 353 259 294 390 295 427 14 270 212 341 276 23 473 317 446 
327 180 55 123 445 415 
136 225 50 343 
225 403 405 342 286 
483 80 370 438 31 
37 425 459 429 145 19 
389 8 207 144 281 58 446 
103 40 9 363 45 145 150 250 318 191 
292 486 327 11 405 190 
368 130 236 
